500 0 0 0 15 0 0 33
501 52 0 20 0 12 0 -40
502 0 0 0 0 0 0 0
503 0 0 0 33 0 72 29
504 0 0 18 0 0 0 0
505 0 0 26 0 51 0 -70
506 0 0 0 0 0 45 0
507 0 0 0 0 37 0 -31
508 18 0 0 0 0 26 -27
509 26 12 0 0 32 0 -40
510 13 0 0 0 0 36 -30
511 0 0 0 56 0 35 42
512 14 31 0 0 0 33 -28
513 0 0 0 26 0 0 19
514 0 0 9 0 0 29 -16
515 0 0 0 60 0 20 58
516 0 0 0 0 0 0 0
517 0 0 0 40 0 17 36
518 0 0 0 0 84 0 -78
519 0 0 0 0 0 85 0
520 0 0 0 0 0 47 0
521 16 0 0 32 0 0 0
522 88 42 0 0 0 0 -56
523 30 0 0 0 0 0 -30
524 0 0 0 0 0 0 0
525 0 0 0 81 0 0 73
526 0 0 0 52 0 0 56
527 14 0 0 0 38 0 -43
528 49 91 0 0 33 0 -84
529 0 0 0 14 0 39 31
530 0 0 0 0 0 27 0
531 0 0 0 0 0 0 0
532 0 0 0 0 0 0 0
533 62 34 0 0 0 22 -55
534 0 0 0 85 0 0 71
535 0 0 0 79 0 59 63
536 68 0 0 0 0 41 -52
537 0 0 0 0 0 40 0
538 0 0 0 0 0 0 0
539 86 0 0 0 0 0 -80
540 0 0 0 90 0 0 70
541 59 0 24 0 0 0 -59
542 0 0 0 0 0 26 0
543 0 0 0 42 5 57 32
544 70 0 0 12 0 38 -37
545 0 77 39 0 0 0 -66
546 0 0 0 0 0 33 0
547 0 0 0 0 55 0 -56
548 33 0 0 0 0 0 -42
549 76 56 0 0 0 0 -50
550 0 0 0 98 0 0 87
551 0 0 84 0 0 0 -80
552 0 0 0 0 91 0 -66
553 0 0 17 0 0 70 -21
554 57 0 71 0 0 0 -68
555 0 0 0 0 0 46 0
556 0 0 0 100 0 0 85
557 40 0 0 0 0 0 -38
558 0 0 0 81 0 0 40
559 0 0 0 46 0 0 31
560 0 0 0 0 0 0 0
561 69 0 0 0 0 0 -59
562 52 33 13 0 0 0 -36
563 0 0 77 0 0 0 0
564 0 0 0 49 0 0 45
565 47 0 75 0 100 0 -100
566 0 0 0 100 0 0 100
567 0 0 0 44 0 0 46
568 0 0 99 0 0 0 -100
569 0 0 0 91 0 0 76
570 0 0 0 0 0 0 -47
571 0 0 0 0 0 33 0
572 0 0 0 0 0 0 51
573 0 0 0 0 0 0 32
574 0 0 69 0 0 0 -56
575 0 0 0 97 0 0 87
576 0 95 0 0 0 0 -100
577 0 0 0 87 0 0 76
578 0 0 50 0 0 0 -54
579 0 0 16 0 0 41 -60
580 0 0 0 97 0 0 64
581 89 0 0 0 0 0 -68
582 91 0 15 0 0 0 -83
583 0 0 87 0 0 24 -85
584 0 0 0 0 21 64 -44
585 0 0 0 0 99 0 -100
586 0 0 0 18 0 90 39
587 0 0 0 58 0 27 42
588 0 0 0 69 0 44 56
589 30 58 0 0 0 0 -44
590 0 0 87 0 24 0 -85
591 90 0 0 0 0 0 -90
592 0 0 0 0 0 0 0
593 0 0 0 0 0 75 0
594 89 0 29 0 0 0 -100
595 0 0 96 0 0 23 -82
596 0 0 0 40 0 78 42
597 0 0 0 96 0 0 70
598 0 0 0 0 0 0 0
599 0 0 0 0 0 0 0
600 0 0 0 0 0 93 0
601 0 0 28 0 0 0 -22
602 57 0 0 0 0 0 -39
603 97 0 28 0 0 0 -66
604 0 0 0 0 0 0 0
605 0 0 0 0 100 0 -100
606 87 0 32 0 0 0 -76
607 0 0 0 48 0 67 78
608 0 0 0 0 84 0 -70
609 25 0 34 0 0 0 -45
610 71 0 36 0 0 27 -57
611 44 0 0 0 0 0 -69
612 0 0 0 69 0 0 53
613 60 0 0 0 0 0 -73
614 62 0 0 0 0 0 0
615 100 25 0 0 0 0 -65
616 78 0 0 0 0 0 -76
617 0 0 0 90 0 0 81
618 0 0 0 0 0 0 0
619 0 0 0 0 0 51 0
620 81 0 0 0 0 0 -47
621 0 53 0 24 0 0 30
622 0 0 0 40 0 59 58
623 0 0 0 0 0 0 0
624 0 0 13 0 38 0 -44
625 0 0 0 37 0 0 0
626 0 0 0 56 0 93 53
627 0 0 0 73 0 0 85
628 0 0 0 33 0 0 39
629 0 0 0 0 100 50 -52
630 0 0 0 56 0 49 56
631 0 0 0 99 0 0 100
632 25 0 40 0 0 0 -60
633 0 0 0 0 0 0 0
634 0 0 0 0 0 0 0
635 0 0 0 0 0 36 0
636 82 0 0 0 0 0 -92
637 0 0 0 48 0 65 54
638 0 0 0 0 0 34 0
639 0 0 0 0 70 0 -57
640 0 0 78 0 0 0 -81
641 0 0 0 38 0 47 58
642 0 0 0 67 0 0 68
643 84 39 0 0 0 0 -74
644 38 86 0 0 0 0 -88
645 0 0 0 0 76 0 -74
646 0 0 0 0 0 70 -45
647 0 0 0 89 0 0 75
648 0 0 93 0 0 0 -95
649 0 0 0 95 0 0 90
650 0 0 0 0 23 0 -31
651 0 0 0 0 0 20 0
652 0 0 83 0 36 0 -65
653 0 0 57 0 0 0 -47
654 0 0 0 64 0 0 37
655 100 0 0 0 0 0 -65
656 0 0 0 0 0 0 0
657 80 0 43 0 0 0 -80
658 0 0 46 0 0 0 -47
659 53 0 0 0 0 0 -55
660 0 0 0 0 0 66 0
661 0 0 0 0 20 68 -49
662 75 0 0 0 0 0 -63
663 0 0 0 0 0 39 0
664 0 0 60 0 0 0 -67
665 36 57 0 0 0 0 -41
666 0 0 0 28 0 0 0
667 0 0 20 0 0 0 0
668 0 0 26 0 0 0 -42
669 0 0 0 0 0 0 0
670 61 0 0 0 0 0 -48
671 0 0 0 0 0 27 0
672 0 0 0 0 0 0 0
673 0 21 0 0 0 80 0
674 0 0 0 75 0 0 69
675 0 0 0 89 0 0 58
676 10 0 0 43 0 0 79
677 0 0 0 0 33 0 -35
678 0 0 31 0 0 0 0
679 36 0 51 0 51 0 -100
680 0 0 0 43 0 15 56
681 18 0 0 0 0 0 0
682 0 0 0 73 0 0 72
683 0 0 25 0 95 0 -100
684 0 0 0 0 0 85 0
685 0 0 0 100 0 26 90
686 0 0 0 0 0 0 0
687 0 0 0 94 0 0 33
688 0 0 0 36 0 0 0
689 0 0 80 0 0 0 -85
690 23 0 40 0 50 0 -73
691 0 0 0 0 48 0 -55
692 38 0 0 0 17 0 -61
693 0 0 0 0 100 0 -100
694 64 49 0 0 0 0 -81
695 0 0 0 0 0 0 0
696 0 36 0 0 36 0 -45
697 0 0 90 0 0 0 -81
698 0 0 0 0 0 0 0
699 0 0 30 0 0 68 0
700 0 0 0 0 0 0 0
701 62 24 0 0 0 0 -59
702 0 0 0 82 0 0 77
703 0 30 0 0 0 85 0
704 0 0 0 96 0 0 83
705 0 0 70 0 0 0 -71
706 0 0 100 0 0 0 -76
707 0 0 0 0 0 28 0
708 75 0 0 0 0 0 -74
709 0 0 0 0 100 0 -100
710 0 0 0 0 0 0 0
711 0 0 0 59 0 0 61
712 30 0 0 0 100 0 -100
713 0 0 0 0 100 0 -100
714 0 0 0 100 0 0 100
715 0 0 0 25 0 0 34
716 68 27 0 0 0 0 -54
717 25 0 0 0 0 0 -35
718 0 0 29 0 47 0 -64
719 74 28 0 0 0 0 -77
720 0 0 0 0 0 0 0
721 0 0 0 81 0 0 70
722 0 0 0 0 0 55 0
723 0 0 21 0 0 0 -35
724 61 31 0 0 39 0 -100
725 0 0 0 83 0 0 76
726 0 0 0 0 0 56 0
727 0 0 0 0 0 52 0
728 0 0 0 88 0 0 82
729 0 0 0 12 0 25 0
730 0 0 0 39 0 0 43
731 0 0 0 0 0 0 0
732 19 0 100 0 0 0 -81
733 0 36 0 0 73 0 -87
734 20 0 100 0 0 0 -95
735 0 0 0 99 0 0 100
736 0 0 0 0 0 51 -48
737 0 0 0 100 0 0 98
738 31 0 98 0 0 0 -77
739 0 0 0 75 0 100 80
740 0 0 39 0 0 0 -44
741 0 0 0 0 0 39 0
742 0 0 73 0 99 0 -100
743 0 22 0 0 0 37 0
744 0 0 35 0 0 62 -32
745 0 0 0 22 0 76 44
746 0 0 0 71 0 0 70
747 0 0 0 75 0 0 0
748 0 0 0 0 47 0 -77
749 0 0 0 70 0 54 63
750 0 0 0 92 0 0 87
751 0 0 0 59 0 0 83
752 0 0 0 0 69 0 -80
753 75 81 0 0 0 0 -100
754 0 0 30 0 100 0 -100
755 0 0 25 0 0 0 -42
756 0 0 0 0 38 0 -39
757 27 86 31 0 0 0 -85
758 0 0 82 0 0 0 -97
759 0 0 0 100 0 0 100
760 0 0 0 47 0 0 81
761 0 0 46 0 28 0 -47
762 0 0 0 0 0 0 0
763 0 0 0 0 0 57 0
764 0 0 0 26 0 0 37
765 0 0 0 60 0 0 57
766 0 0 40 0 100 0 -100
767 0 100 100 0 0 0 -100
768 0 0 0 84 0 0 79
769 0 0 0 88 0 0 84
770 45 0 89 0 0 0 -68
771 0 0 90 0 0 0 -86
772 0 0 0 83 0 99 67
773 0 0 0 0 39 0 -62
774 0 0 79 0 100 0 -100
775 0 0 0 61 0 0 65
776 18 0 0 0 44 0 -60
777 0 0 0 82 0 0 68
778 0 0 77 0 100 0 -100
779 0 0 100 0 0 0 -100
780 0 0 19 0 0 0 -30
781 0 0 0 0 30 0 -36
782 60 0 27 0 0 0 -83
783 0 0 0 52 0 29 61
784 0 0 0 41 0 0 47
785 0 0 0 32 0 0 50
786 19 28 0 0 0 0 -54
787 0 0 0 43 0 0 51
788 0 0 0 0 88 0 -86
789 0 80 26 0 30 0 -82
790 0 0 55 0 54 0 -73
791 0 0 62 0 0 0 -85
792 57 0 86 0 0 0 -86
793 0 0 0 0 22 0 -36
794 0 0 0 25 0 0 29
795 20 0 0 0 0 34 -42
796 0 0 0 0 0 0 0
797 45 0 0 0 25 0 -57
798 0 0 0 0 68 0 -64
799 0 0 0 0 0 64 0
800 0 0 0 64 0 0 51
801 0 0 0 24 0 0 36
802 12 0 0 14 0 0 0
803 38 22 0 42 0 0 41
804 0 0 0 0 0 42 0
805 0 0 0 0 15 0 -31
806 0 0 0 0 31 0 -45
807 0 19 0 0 0 65 0
808 0 0 0 66 0 0 61
809 35 0 0 0 79 0 -100
810 0 0 76 0 0 0 -76
811 0 0 16 0 99 0 -100
812 0 0 0 0 100 33 -100
813 82 0 0 0 0 0 -92
814 0 0 30 36 0 0 40
815 69 0 0 0 0 0 -83
816 0 0 23 0 100 0 -80
817 0 0 0 0 100 0 -99
818 0 0 0 0 81 0 -90
819 0 0 0 0 26 0 -44
820 0 0 0 28 0 0 66
821 0 0 0 0 0 0 0
822 50 32 0 0 0 0 -66
823 65 0 0 0 0 0 -83
824 44 29 0 0 0 0 -55
825 0 0 0 85 0 0 81
826 0 0 0 0 0 68 0
827 0 0 0 0 0 0 0
828 0 0 71 0 0 0 -72
829 0 0 0 93 0 0 89
830 0 0 0 0 99 39 -100
831 0 0 0 92 0 0 92
832 0 0 0 20 0 0 42
833 0 0 0 0 46 0 -50
834 0 75 0 0 0 30 -48
835 0 0 0 86 0 0 71
836 0 0 0 0 80 0 -81
837 0 0 0 23 0 38 59
838 0 0 0 71 0 0 52
839 0 0 0 65 0 0 82
840 77 35 0 0 0 0 -83
841 81 0 0 0 0 0 -77
842 15 0 16 0 0 49 -41
843 30 0 49 12 0 0 0
844 0 0 46 0 0 0 -46
845 34 0 0 0 0 0 -48
846 0 0 43 0 0 0 -52
847 0 0 0 0 0 66 0
848 0 0 0 0 0 0 0
849 0 0 0 51 0 0 68
850 89 0 39 0 0 0 -71
851 81 0 0 0 0 35 -78
852 0 0 0 47 0 0 48
853 0 0 0 25 0 53 60
854 0 0 0 0 0 23 0
855 0 0 54 0 0 0 -72
856 0 0 0 0 37 57 -64
857 50 0 0 0 0 0 0
858 0 0 0 86 0 36 78
859 0 0 0 34 0 23 40
860 0 0 0 81 0 0 67
861 30 43 0 0 0 0 -47
862 0 0 83 0 0 0 -83
863 0 0 30 0 0 0 -31
864 0 0 0 65 0 0 65
865 52 86 0 0 0 0 -100
866 0 0 0 78 0 0 77
867 0 0 100 0 0 0 -100
868 34 0 0 0 85 53 -100
869 0 0 0 73 0 0 74
870 0 0 0 0 98 0 -82
871 53 0 0 0 89 0 -100
872 28 0 75 0 0 0 -22
873 0 0 0 19 0 0 29
874 0 0 0 0 0 0 0
875 0 0 0 0 0 0 0
876 0 0 0 0 0 0 0
877 0 0 0 37 0 0 58
878 0 0 0 24 0 0 61
879 0 0 0 40 0 0 60
880 0 0 66 0 0 0 -60
881 26 16 0 0 0 31 -65
882 0 0 0 0 61 0 -78
883 0 0 0 71 0 0 71
884 0 0 0 60 0 0 60
885 0 0 53 0 0 0 -60
886 0 0 20 0 35 0 -62
887 0 0 20 0 90 0 -75
888 0 0 50 0 0 0 -76
889 0 0 54 0 0 0 -73
890 0 0 0 15 0 25 50
891 70 0 0 0 0 0 -77
892 0 0 0 74 0 0 74
893 0 0 0 78 0 0 80
894 0 0 0 35 0 0 54
895 36 0 68 0 0 0 -84
896 0 0 0 0 95 0 -50
897 46 0 88 0 0 0 -83
898 86 0 0 0 0 0 -80
899 0 0 0 91 0 0 81
900 0 0 0 0 29 0 -38
901 0 0 0 0 0 0 0
902 0 0 40 0 96 0 -84
903 84 0 0 0 0 0 -86
904 0 0 0 0 0 56 0
905 0 28 0 0 0 0 -42
906 0 0 0 0 41 0 -43
907 88 0 0 0 0 0 -89
908 87 0 44 0 0 0 -85
909 0 0 0 0 0 90 0
910 30 0 0 0 0 0 37
911 0 0 0 39 0 0 60
912 40 0 0 0 0 0 -41
913 0 0 0 87 0 0 75
914 0 0 20 0 57 0 -74
915 0 0 30 0 69 0 -60
916 0 23 0 0 0 0 0
917 0 0 37 0 49 0 -68
918 0 0 0 0 47 0 -41
919 0 0 0 30 0 0 30
920 0 0 25 0 100 0 -100
921 0 0 19 0 100 0 -100
922 0 0 0 70 0 0 80
923 0 0 0 80 0 0 70
924 0 0 0 44 0 0 44
925 60 32 0 0 0 0 -82
926 0 0 0 31 0 90 100
927 0 0 0 0 0 85 0
928 0 0 0 0 0 0 0
929 0 0 0 0 41 0 -70
930 0 0 0 90 0 0 80
931 0 0 0 53 0 0 64
932 0 0 0 100 0 0 100
933 0 0 0 27 0 0 48
934 0 0 0 79 0 0 78
935 0 0 92 0 0 0 -80
936 0 0 0 70 0 0 60
937 41 0 0 0 51 0 -70
938 0 0 0 80 0 0 71
939 0 0 71 0 0 0 -66
940 0 28 30 0 0 0 -54
941 0 0 0 0 0 0 0
942 0 0 0 0 100 0 -100
943 0 0 22 0 60 0 -76
944 0 0 0 0 100 0 -100
945 0 0 0 0 36 20 -52
946 0 0 0 81 0 66 86
947 0 0 0 64 0 0 76
948 0 0 0 100 0 0 100
949 0 76 44 0 0 0 -100
950 0 0 0 28 0 0 50
951 0 0 0 0 0 60 0
952 0 0 0 0 0 0 0
953 0 0 0 81 0 39 75
954 0 0 0 40 0 0 53
955 0 0 0 18 0 0 36
956 0 0 0 32 0 0 44
957 26 0 0 0 0 0 -40
958 0 0 45 0 0 0 -60
959 0 0 0 26 0 53 52
960 0 0 0 55 0 0 40
961 0 0 0 84 0 0 81
962 0 0 0 23 0 0 49
963 0 0 0 0 0 0 0
964 0 0 34 0 0 0 -48
965 52 0 0 0 0 0 -71
966 0 0 0 0 0 0 0
967 0 0 0 82 0 0 79
968 67 0 0 20 0 0 45
969 0 0 0 0 0 22 -20
970 0 0 64 0 0 0 -80
971 0 0 0 35 0 0 59
972 0 0 0 0 0 27 0
973 0 0 20 0 100 0 -100
974 0 0 53 0 0 0 -93
975 0 0 80 0 100 0 -100
976 0 0 0 34 0 0 56
977 30 99 0 0 0 0 -100
978 0 0 0 0 40 0 -40
979 0 0 0 0 0 0 0
980 0 0 0 0 0 0 32
981 0 0 0 0 0 31 -41
982 0 0 0 37 0 79 70
983 0 0 36 0 100 0 -100
984 0 0 0 0 87 0 -82
985 0 0 0 0 0 0 -40
986 0 0 0 46 0 0 59
987 30 49 0 0 0 0 -78
988 0 0 0 78 0 0 82
989 40 100 0 0 0 0 -100
990 52 0 0 0 0 29 -70
991 38 0 83 0 0 0 -100
992 0 38 0 0 0 0 0
993 0 0 0 0 0 74 0
994 0 0 0 0 100 0 -100
995 0 0 0 79 0 32 100
996 0 0 0 19 0 0 0
997 0 0 0 82 0 0 100
998 47 0 0 0 0 0 -70
999 0 0 0 89 0 0 90
1000 0 0 90 0 0 0 -80
1001 0 28 0 0 0 0 -29
1002 0 39 0 27 0 0 0
1003 0 20 0 60 0 0 33
1004 0 0 0 50 0 0 0
1005 70 0 60 0 0 0 -80
1006 0 0 100 0 0 0 -100
1007 32 0 81 0 0 0 -100
1008 43 37 0 0 0 0 -66
1009 0 0 26 0 100 0 -95
1010 0 0 87 0 0 0 -86
1011 82 0 35 0 0 0 -37
1012 40 0 26 0 0 0 -44
1013 0 0 0 83 0 0 83
1014 0 0 0 0 0 35 0
1015 0 0 0 71 0 0 49
1016 0 32 0 27 0 0 0
1017 29 0 0 0 0 41 0
1018 53 0 14 0 0 0 -61
1019 0 0 77 0 36 0 -43
1020 0 0 0 8 0 57 0
1021 0 0 0 0 0 0 0
1022 0 0 0 0 0 30 0
1023 0 0 0 80 0 0 59
1024 0 0 0 0 0 0 100
1025 0 0 0 41 0 26 40
1026 0 0 0 0 0 33 0
1027 0 0 0 28 0 58 68
1028 0 0 0 68 0 56 70
1029 0 37 0 0 0 0 0
1030 0 0 0 0 0 0 0
1031 0 0 0 0 30 0 -45
1032 0 0 48 0 0 0 -73
1033 0 0 0 100 0 0 87
1034 0 0 72 0 0 0 -79
1035 68 0 18 0 0 0 -81
1036 0 0 0 18 0 0 34
1037 0 0 0 34 0 0 47
1038 0 0 67 0 0 0 -60
1039 0 0 0 0 100 0 -100
1040 28 0 78 0 0 0 -100
1041 0 42 0 0 0 0 -51
1042 0 0 0 0 19 0 -27
1043 0 0 39 0 0 0 -51
1044 0 20 30 0 0 0 -49
1045 39 0 0 0 0 0 -45
1046 0 0 0 0 32 0 -60
1047 0 0 0 0 10 0 -23
1048 0 0 12 16 0 0 0
1049 38 0 0 0 0 0 -54
1050 19 33 0 0 0 0 -47
1051 44 0 0 0 0 0 -48
1052 0 0 0 24 0 0 43
1053 0 0 0 23 0 0 44
1054 0 0 0 43 0 0 45
1055 27 0 0 0 0 0 -37
1056 22 11 0 0 0 0 -35
1057 27 0 20 0 0 0 -41
1058 0 0 0 21 0 0 33
1059 0 0 15 0 0 0 -29
1060 0 0 21 0 0 0 -31
1061 35 0 81 0 0 0 -100
1062 0 0 100 0 0 0 -100
1063 0 0 89 0 36 0 -100
1064 0 0 0 0 0 0 0
1065 30 50 0 0 0 0 -76
1066 21 0 0 0 0 0 -33
1067 0 0 0 15 0 0 22
1068 0 0 0 34 0 0 59
1069 0 0 0 0 100 0 -100
1070 0 0 0 0 100 0 -100
1071 0 0 0 54 0 0 62
1072 0 0 0 62 0 0 77
1073 0 0 0 37 0 0 44
1074 0 0 0 20 0 0 0
1075 0 26 0 0 0 0 -31
1076 0 0 26 0 100 0 -100
1077 0 0 0 60 0 0 72
1078 53 32 0 0 0 0 -69
1079 0 0 0 0 0 34 0
1080 0 0 0 0 0 38 0
1081 0 0 0 0 0 31 0
1082 0 0 24 0 0 0 -30
1083 0 0 0 0 0 0 0
1084 0 0 0 0 0 0 0
1085 0 0 0 22 0 0 42
1086 0 0 25 0 0 0 0
1087 0 0 63 0 0 0 -69
1088 0 0 62 0 0 0 -79
1089 0 0 44 0 0 0 -68
1090 18 0 0 0 0 0 -34
1091 0 0 0 72 0 0 80
1092 0 0 20 23 0 0 0
1093 0 0 36 0 0 0 -20
1094 0 0 40 0 0 0 -60
1095 0 0 0 0 100 0 -100
1096 0 0 0 0 100 0 -100
1097 35 0 0 0 0 0 -52
1098 0 0 0 0 50 0 -50
1099 0 64 0 0 0 0 -75
1100 0 22 0 0 0 0 -40
1101 0 0 53 0 0 0 -61
1102 0 0 25 0 0 0 0
1103 0 0 0 23 0 0 39
1104 0 0 0 40 0 0 56
1105 0 0 0 53 0 28 51
1106 0 0 0 31 0 0 47
1107 0 0 0 0 0 0 0
1108 0 0 0 0 0 16 0
1109 0 0 0 75 0 0 56
1110 19 40 0 0 0 7 -47
1111 0 0 34 0 0 0 -45
1112 0 0 0 0 0 33 -32
1113 0 0 0 48 0 26 68
1114 0 0 0 0 0 30 0
1115 0 0 0 59 0 39 68
1116 0 0 29 0 0 0 -42
1117 0 0 0 36 0 0 50
1118 0 0 0 60 0 37 66
1119 0 0 0 74 0 39 79
1120 0 26 0 0 0 0 0
1121 0 0 0 65 0 36 66
1122 45 0 0 0 0 0 -48
1123 50 0 0 0 0 0 -70
1124 0 0 0 0 35 0 -53
1125 0 0 0 0 0 0 19
1126 22 44 0 0 0 0 -60
1127 0 0 0 29 0 0 42
1128 0 0 0 64 0 0 78
1129 0 30 0 0 74 0 -87
1130 0 41 0 0 0 0 -51
1131 0 0 0 47 0 0 72
1132 0 0 0 84 0 0 87
1133 0 0 0 87 0 0 87
1134 0 0 0 38 0 0 30
1135 0 0 0 100 0 0 80
1136 44 86 0 0 0 0 -78
1137 0 0 0 82 0 0 92
1138 0 0 0 0 65 0 -80
1139 0 0 0 35 0 0 68
1140 0 0 0 0 0 0 0
1141 0 67 0 0 0 0 -69
1142 39 0 0 0 0 0 -60
1143 0 0 0 0 100 0 -100
1144 27 0 0 0 0 0 -39
1145 0 0 0 28 0 0 41
1146 0 0 0 24 0 0 50
1147 0 0 0 26 0 0 39
1148 0 16 0 0 0 0 -32
1149 0 0 0 0 0 0 0
1150 0 0 0 0 41 0 -56
1151 0 0 0 100 0 0 100
1152 0 0 0 79 0 0 78
1153 0 0 0 100 0 0 100
1154 0 0 0 100 0 0 100
1155 0 0 0 69 0 0 71
1156 0 0 0 0 80 0 -86
1157 0 26 40 0 26 0 35
1158 0 0 0 22 0 0 43
1159 68 0 0 0 0 0 -70
1160 0 0 0 0 72 0 -87
1161 0 0 0 0 100 0 -100
1162 0 0 0 90 0 0 84
1163 0 0 0 100 0 0 100
1164 0 0 0 74 0 0 72
1165 0 0 0 0 100 0 -100
1166 0 0 0 100 0 0 100
1167 0 0 46 70 0 0 30
1168 56 0 0 0 0 0 -68
1169 0 0 0 0 44 0 -69
1170 0 0 0 80 0 0 82
1171 0 0 0 34 0 0 51
1172 0 0 0 66 0 0 60
1173 0 0 30 0 100 0 -100
1174 0 0 0 0 0 39 0
1175 0 0 0 0 100 0 -100
1176 0 0 0 74 0 0 90
1177 0 0 0 72 0 0 85
1178 63 33 0 0 0 0 -80
1179 0 0 0 28 0 0 40
1180 0 0 0 0 35 0 -48
1181 0 42 0 0 0 0 -66
1182 0 0 70 0 0 0 -76
1183 40 20 0 0 0 45 -87
1184 0 0 0 54 0 0 67
1185 0 0 46 0 0 0 -70
1186 0 0 0 0 0 0 0
1187 0 50 0 0 0 0 -84
1188 0 0 0 59 0 0 60
1189 0 30 0 0 0 0 -60
1190 0 36 0 0 0 0 -56
1191 40 52 0 0 0 0 -74
1192 0 0 0 0 0 50 0
1193 0 47 0 0 0 0 -70
1194 0 0 0 33 0 0 55
1195 0 0 0 28 0 0 40
1196 0 0 0 40 0 0 51
1197 0 0 0 25 0 16 41
1198 0 40 0 0 0 0 -70
1199 0 50 0 0 0 34 -72
1200 0 0 0 30 0 0 43
1201 0 0 0 23 0 0 42
1202 0 0 0 0 39 0 -48
1203 0 0 0 68 0 0 73
1204 0 0 0 0 100 0 -100
1205 0 0 0 81 0 0 75
1206 0 0 0 76 0 0 71
1207 0 0 0 0 58 0 -80
1208 0 0 0 70 0 0 71
1209 33 0 63 0 0 0 -69
1210 0 0 0 72 0 35 79
1211 0 0 0 83 0 0 80
1212 0 0 44 0 0 0 -64
1213 0 0 0 0 0 0 0
1214 0 0 0 0 0 0 0
1215 0 0 0 51 0 0 60
1216 0 0 0 0 47 0 -60
1217 0 0 0 0 0 29 0
1218 0 0 0 30 0 56 85
1219 0 0 0 65 0 0 78
1220 0 0 0 0 80 0 -72
1221 0 0 0 0 26 0 -45
1222 0 0 77 0 0 0 -76
1223 0 0 0 68 0 0 68
1224 0 0 0 80 0 0 70
1225 0 0 0 56 0 39 68
1226 0 0 0 79 0 0 76
1227 0 0 0 28 0 59 44
1228 48 48 0 0 77 0 -80
1229 0 0 0 0 48 0 -70
1230 0 0 0 0 0 0 0
1231 0 0 0 0 0 36 0
1232 0 0 0 69 0 0 68
1233 0 0 0 31 0 0 59
1234 43 0 0 0 0 0 -60
1235 0 0 0 0 77 56 -74
1236 0 0 0 80 0 0 66
1237 0 0 0 20 0 0 59
1238 0 0 0 28 0 0 49
1239 0 0 0 46 0 0 69
1240 44 44 0 0 0 0 -67
1241 0 0 60 0 41 0 -68
1242 0 0 0 0 0 42 0
1243 0 55 0 0 0 0 -43
1244 0 0 0 0 16 0 -35
1245 0 0 0 0 28 0 -48
1246 0 0 0 50 0 0 78
1247 0 0 0 27 0 0 53
1248 0 0 0 0 0 0 0
1249 0 0 0 0 39 0 -58
1250 0 0 0 0 100 0 -100
1251 0 0 0 36 0 0 60
1252 0 0 0 0 0 42 -29
1253 0 0 0 0 100 30 -40
1254 0 0 0 64 0 0 74
1255 0 0 0 0 0 0 27
1256 0 0 52 0 0 0 -70
1257 0 0 0 0 20 0 -40
1258 0 0 44 0 100 0 -100
1259 0 0 0 19 0 0 31
1260 0 0 0 0 0 0 0
1261 0 0 27 0 64 0 -53
1262 26 0 0 0 0 0 0
1263 0 0 0 0 0 26 0
1264 0 0 0 0 30 0 -50
1265 0 0 0 66 0 0 77
1266 0 0 51 0 0 0 -71
1267 0 0 0 63 0 0 73
1268 0 0 0 34 0 0 60
1269 0 0 0 62 0 0 50
1270 0 0 0 48 0 0 50
1271 0 0 0 50 0 0 62
1272 0 0 0 58 0 0 50
1273 0 0 0 50 0 27 62
1274 0 0 0 53 0 45 80
1275 0 0 34 0 80 0 -72
1276 0 0 0 40 0 0 50
1277 0 0 0 42 0 0 72
1278 0 0 0 0 90 0 -100
1279 0 0 0 57 0 30 88
1280 58 0 0 0 100 0 -100
1281 0 58 59 0 100 0 -100
1282 0 0 36 0 0 0 -38
1283 0 0 0 55 0 0 62
1284 0 0 0 40 0 0 64
1285 0 0 0 14 0 0 37
1286 0 0 0 0 24 0 -38
1287 0 0 0 0 0 0 0
1288 0 0 0 53 0 0 50
1289 0 0 0 41 0 0 62
1290 0 0 0 0 16 0 -31
1291 0 0 0 19 0 0 37
1292 0 46 0 0 0 0 -41
1293 0 0 0 0 0 0 0
1294 0 21 0 0 0 0 -50
1295 0 0 0 0 0 0 0
1296 0 0 22 0 0 0 0
1297 0 20 0 0 0 0 0
1298 0 0 0 36 0 0 59
1299 0 0 0 0 0 0 0
1300 0 45 0 0 0 0 -63
1301 0 0 0 0 55 1 -64
1302 0 0 0 42 0 0 35
1303 0 47 0 0 0 0 -60
1304 0 0 0 0 51 0 -50
1305 0 0 0 0 100 0 -100
1306 0 50 0 0 0 0 -78
1307 0 0 0 0 0 52 0
1308 0 0 0 0 0 0 0
1309 0 0 0 0 78 0 -71
1310 22 0 0 0 0 41 -30
1311 0 0 0 0 0 52 0
1312 0 0 0 0 0 44 0
1313 0 0 0 57 0 0 60
1314 60 28 0 0 0 0 -78
1315 0 0 0 41 0 30 60
1316 0 0 0 0 88 0 -82
1317 0 0 49 0 0 0 -59
1318 0 0 0 22 0 0 38
1319 0 0 0 0 20 0 -34
1320 0 0 0 0 0 0 -27
1321 0 0 0 0 34 0 -40
1322 0 0 0 26 0 0 31
1323 0 28 0 0 49 0 -70
1324 0 0 0 0 100 0 -99
1325 0 0 0 0 50 0 -60
1326 0 0 0 76 0 0 77
1327 0 0 0 50 0 0 61
1328 0 0 0 43 0 0 60
1329 0 53 0 0 0 0 -72
1330 0 0 0 0 0 50 0
1331 0 0 100 0 0 0 -100
1332 0 16 0 0 0 0 0
1333 0 0 0 0 26 0 -41
1334 0 0 0 0 0 0 0
1335 0 0 0 45 0 0 66
1336 0 0 0 67 0 36 67
1337 0 0 0 0 0 0 0
1338 0 0 0 0 0 50 0
1339 0 0 0 75 0 0 60
1340 0 0 0 0 51 0 -74
1341 0 0 0 0 62 0 -66
1342 0 23 0 0 0 0 0
1343 0 0 100 0 0 0 -100
1344 0 0 68 0 0 0 -77
1345 0 0 52 0 0 0 -61
1346 0 0 29 0 100 0 -100
1347 0 0 0 0 0 0 0
1348 0 0 0 0 0 21 0
1349 0 0 0 77 0 0 71
1350 0 0 0 31 0 0 55
1351 0 0 0 74 0 37 72
1352 0 0 0 0 0 33 47
1353 0 0 0 0 0 32 38
1354 0 100 0 0 0 0 -100
1355 0 0 0 60 0 0 82
1356 0 0 0 0 40 39 -62
1357 0 0 0 24 0 0 35
1358 26 54 0 0 0 0 -60
1359 0 0 0 83 0 0 69
1360 0 0 70 0 0 0 0
1361 0 0 0 91 0 0 81
1362 0 0 36 0 0 0 -50
1363 0 0 0 0 100 0 -100
1364 0 0 0 58 0 31 73
1365 0 0 0 0 0 0 0
1366 0 51 0 0 50 0 -74
1367 0 25 0 0 0 0 -34
1368 0 50 0 0 0 0 -64
1369 0 0 0 62 0 0 71
1370 0 0 0 69 0 37 64
1371 0 0 0 0 100 0 -100
1372 33 32 0 0 0 0 -57
1373 38 0 37 0 100 0 -100
1374 0 0 0 0 77 0 -72
1375 0 0 0 25 0 0 33
1376 0 46 0 0 0 0 -49
1377 0 0 0 82 0 0 86
1378 0 0 0 0 100 0 -100
1379 0 0 0 0 20 0 -40
1380 53 53 0 0 0 0 -17
1381 0 0 100 0 0 0 -100
1382 24 0 0 0 0 0 -40
1383 0 0 0 30 0 0 64
1384 0 0 0 0 0 0 0
1385 0 0 0 0 0 0 0
1386 58 0 0 0 0 0 -70
1387 0 0 0 0 20 0 -26
1388 0 0 0 0 100 0 -100
1389 38 0 0 0 50 0 -65
1390 0 0 0 100 0 0 100
1391 67 0 0 0 0 0 -40
1392 0 0 0 81 0 46 63
1393 0 0 18 0 36 0 -56
1394 0 0 0 0 0 0 0
1395 26 52 0 0 0 0 -90
1396 0 54 0 0 0 0 -76
1397 0 0 0 19 0 0 40
1398 0 24 0 0 0 0 -22
1399 0 0 0 0 0 0 0
1400 0 0 0 0 0 0 0
1401 0 0 0 0 86 0 -80
1402 0 0 0 44 0 0 63
1403 0 0 0 0 59 0 -71
1404 0 64 0 0 0 0 -69
1405 46 0 0 0 0 0 -52
1406 0 0 0 58 0 42 59
1407 0 0 0 30 0 0 56
1408 0 0 0 43 0 0 50
1409 39 0 0 0 0 0 -41
1410 0 0 0 53 0 0 64
1411 0 0 0 40 0 0 60
1412 0 0 0 70 0 0 60
1413 0 0 0 28 0 0 50
1414 0 0 0 0 100 0 -100
1415 0 0 38 0 24 0 -62
1416 0 0 30 0 100 0 -100
1417 0 0 0 0 0 0 0
1418 0 0 0 23 0 0 60
1419 0 0 0 14 0 0 33
1420 0 0 0 29 0 65 46
1421 35 40 0 0 0 0 -68
1422 0 0 0 0 0 0 0
1423 0 0 0 0 0 0 0
1424 0 0 0 0 48 0 -71
1425 0 0 0 0 20 0 -38
1426 0 0 0 0 0 0 0
1427 0 0 35 0 100 0 -100
1428 0 0 0 53 0 0 60
1429 0 0 0 17 0 41 45
1430 0 0 0 0 0 26 0
1431 0 0 66 0 0 0 -81
1432 0 0 0 0 0 0 0
1433 0 0 0 70 0 0 77
1434 0 0 0 0 0 33 -30
1435 0 0 0 60 0 37 71
1436 0 0 30 0 0 0 -43
1437 0 16 0 0 0 0 -18
1438 44 0 0 0 0 0 -50
1439 0 0 52 0 0 0 -65
1440 23 48 0 0 0 0 -59
1441 0 68 0 0 0 0 -72
1442 0 0 0 57 0 0 69
1443 0 0 0 13 0 0 20
1444 0 0 0 40 0 0 61
1445 0 0 0 66 0 0 68
1446 0 0 0 0 27 0 -60
1447 0 0 0 43 0 0 71
1448 0 0 0 0 40 0 -62
1449 0 0 0 0 25 0 -38
1450 58 0 0 0 0 0 -77
1451 0 0 0 10 0 0 26
1452 0 0 0 0 0 37 0
1453 0 0 39 0 0 0 -61
1454 0 0 0 100 0 0 100
1455 0 100 0 0 0 0 -100
1456 0 52 0 0 0 0 -56
1457 0 0 0 21 0 0 42
1458 0 0 0 81 0 0 81
1459 28 0 0 0 50 0 -54
1460 0 0 0 0 0 0 0
1461 0 0 0 0 0 26 0
1462 0 0 0 0 0 0 0
1463 0 0 0 0 0 32 0
1464 0 0 0 21 0 0 32
1465 0 0 0 69 0 20 74
1466 0 0 0 0 0 28 0
1467 0 0 16 0 0 25 0
1468 0 0 43 0 0 0 -58
1469 0 0 20 0 39 0 -54
1470 0 0 65 0 0 0 -56
1471 0 0 0 39 0 0 54
1472 0 55 0 0 0 0 -65
1473 0 0 0 78 0 0 74
1474 0 0 0 38 0 0 55
1475 0 0 0 32 0 0 50
1476 0 0 0 0 54 0 -63
1477 0 21 0 0 0 0 0
1478 0 0 0 0 30 0 -39
1479 0 0 48 0 19 0 -51
1480 0 0 0 0 0 45 0
1481 0 0 53 0 0 0 -69
1482 0 74 45 0 0 0 -100
1483 0 0 0 0 0 0 0
1484 0 0 0 0 0 82 0
1485 0 0 0 0 33 0 -53
1486 0 0 0 0 73 0 -81
1487 0 0 0 0 0 0 0
1488 0 0 0 30 0 0 44
1489 0 0 0 0 0 26 0
1490 46 0 32 0 0 0 -62
1491 0 0 0 0 100 0 -100
1492 0 0 0 68 35 0 -32
1493 0 0 0 0 0 0 0
1494 0 0 0 0 0 67 0
1495 0 0 0 0 49 0 -71
1496 0 0 0 0 99 0 -100
1497 0 0 0 0 0 53 0
1498 0 0 0 0 0 54 0
1499 0 0 0 49 0 32 41
