500 0 0 0 67 0 65 65
501 30 30 0 30 30 0 10
502 0 0 0 0 0 0 0
503 0 0 0 24 0 61 34
504 0 0 42 0 0 0 -30
505 50 0 0 0 78 0 -56
506 0 0 0 0 0 56 37
507 57 0 56 0 73 0 -82
508 0 0 0 0 0 61 -10
509 67 0 0 0 78 0 -81
510 0 0 0 0 62 76 -40
511 0 0 0 84 0 62 56
512 0 0 0 0 0 0 0
513 0 0 0 0 0 0 0
514 54 0 0 0 24 67 -20
515 0 0 0 70 0 73 60
516 0 0 0 0 0 68 -15
517 0 0 0 80 0 80 80
518 70 0 15 0 82 57 -57
519 0 0 0 0 0 80 30
520 0 0 0 0 0 0 0
521 9 5 7 83 19 75 77
522 0 0 0 0 0 23 -23
523 0 0 0 0 0 11 -11
524 0 0 0 36 0 41 40
525 0 0 0 17 0 21 32
526 0 0 0 65 0 60 58
527 0 0 0 0 0 37 -7
528 83 84 0 100 100 100 100
529 0 0 0 0 0 27 29
530 0 0 0 0 0 41 15
531 0 0 0 0 0 13 5
532 0 0 0 8 0 9 8
533 70 69 34 16 70 94 85
534 0 0 0 36 0 0 44
535 0 0 0 63 0 56 78
536 0 0 0 0 7 11 -16
537 12 11 16 0 19 23 -39
538 0 0 0 16 0 21 38
539 6 6 0 42 68 58 63
540 0 0 0 36 0 0 56
541 5 0 6 0 7 26 -18
542 0 0 0 0 0 0 -8
543 0 0 15 27 33 37 37
544 0 0 0 0 0 0 -11
545 22 48 14 0 81 29 54
546 0 0 0 0 3 20 -20
547 10 14 0 0 64 43 21
548 0 0 0 0 13 27 -28
549 83 30 0 0 74 0 -58
550 0 0 0 0 7 13 14
551 19 54 78 0 68 0 -51
552 3 0 0 0 70 30 -30
553 0 0 16 0 70 51 -46
554 8 14 56 0 46 0 -47
555 0 0 0 0 0 10 11
556 0 0 0 23 0 26 34
557 23 26 0 0 91 34 -61
558 0 0 0 4 0 0 0
559 0 0 0 13 0 30 37
560 0 0 0 0 0 15 0
561 0 0 6 0 40 14 -18
562 5 7 7 14 6 10 15
563 90 89 100 0 99 0 29
564 0 0 0 50 0 48 73
565 84 64 94 0 100 76 -93
566 0 0 0 42 0 51 55
567 0 0 0 65 0 68 77
568 86 68 82 0 100 55 -83
569 0 0 0 0 0 31 32
570 34 34 0 0 67 68 -73
571 0 0 0 49 0 37 59
572 0 0 0 100 20 70 79
573 0 0 0 0 0 53 62
574 77 0 100 0 100 0 -76
575 0 0 0 60 0 60 71
576 93 100 100 0 100 100 -100
577 0 0 0 20 0 20 34
578 90 60 100 0 100 10 -89
579 0 0 0 0 0 28 -27
580 0 0 0 49 0 43 64
581 23 0 0 0 23 22 -38
582 83 78 84 0 100 0 -95
583 0 0 99 0 100 100 -100
584 0 0 0 0 45 68 -51
585 10 0 34 0 100 70 -100
586 0 0 0 52 0 46 51
587 0 0 0 60 0 61 73
588 14 0 13 0 10 17 -22
589 10 15 0 0 42 48 -36
590 40 0 70 0 90 0 -89
591 84 79 100 0 99 79 -91
592 0 0 0 88 0 90 84
593 0 0 0 0 0 32 22
594 16 12 19 0 18 11 -23
595 92 90 100 0 100 82 -100
596 0 0 0 84 52 67 80
597 0 0 0 19 0 0 27
598 0 0 15 0 0 12 -16
599 0 0 0 0 0 0 0
600 0 0 0 46 0 80 76
601 65 0 100 0 100 100 -98
602 0 0 0 0 0 0 0
603 56 76 92 0 100 60 -100
604 0 0 0 0 23 0 -4
605 100 100 100 0 100 100 -100
606 86 90 100 0 100 23 -92
607 0 0 0 67 0 19 69
608 0 0 0 0 42 14 -43
609 81 85 98 0 100 0 -100
610 85 23 100 0 71 0 -63
611 10 0 62 78 0 55 74
612 0 0 0 43 13 0 20
613 2 0 21 18 41 0 -26
614 20 0 15 58 0 60 51
615 60 11 30 0 53 57 -67
616 79 70 92 0 100 0 -80
617 0 0 0 85 0 95 94
618 0 0 0 13 0 0 22
619 0 0 14 12 0 6 18
620 71 15 67 0 89 80 -84
621 100 100 22 0 100 100 -100
622 0 0 16 0 12 14 15
623 0 0 16 25 0 17 20
624 92 0 76 0 100 79 -82
625 0 0 0 57 0 45 42
626 27 0 0 79 75 80 83
627 0 0 0 71 0 78 75
628 0 0 0 27 0 7 25
629 6 0 0 0 89 74 -77
630 2 2 14 67 63 54 67
631 0 0 0 78 4 83 83
632 78 81 98 100 97 100 89
633 28 31 14 2 75 0 -74
634 0 0 15 55 35 0 16
635 0 0 0 75 0 66 77
636 6 2 19 49 44 0 45
637 0 0 7 71 10 47 71
638 0 0 0 5 0 28 31
639 0 0 0 0 63 0 -62
640 23 11 90 0 94 96 -94
641 0 0 27 0 4 51 -42
642 0 0 0 8 0 0 12
643 85 90 92 0 100 100 -94
644 96 98 38 0 100 100 -100
645 17 19 100 0 90 91 -96
646 0 0 16 0 69 53 -53
647 20 0 77 62 71 0 51
648 58 0 96 0 100 100 -100
649 0 0 0 32 0 0 33
650 38 19 0 8 33 42 -7
651 0 0 0 8 0 56 -16
652 85 76 91 0 100 0 -81
653 28 20 97 5 100 42 30
654 0 0 0 34 0 30 39
655 29 10 0 0 6 36 -30
656 4 0 98 4 12 6 -56
657 67 60 100 0 100 87 -100
658 0 0 13 60 16 45 55
659 20 11 91 0 92 50 43
660 0 6 0 12 0 17 20
661 29 0 89 0 86 34 -74
662 24 67 50 79 98 0 82
663 0 0 0 34 0 33 33
664 37 48 88 45 89 89 -62
665 5 9 56 11 37 42 -33
666 0 0 0 15 0 0 25
667 22 0 100 0 100 0 85
668 0 0 68 0 80 0 6
669 0 0 0 0 14 0 -23
670 73 71 0 0 90 0 -74
671 0 0 0 0 0 0 0
672 0 0 47 33 33 34 -32
673 0 22 0 25 0 31 36
674 0 0 4 0 46 46 -43
675 0 0 0 60 0 20 58
676 23 0 86 83 75 65 90
677 0 0 31 0 52 50 -50
678 0 0 28 0 46 21 -44
679 19 28 100 0 100 68 -100
680 0 0 0 84 0 59 84
681 4 0 19 0 33 30 -41
682 0 0 0 34 0 44 47
683 0 0 96 0 100 16 -100
684 0 12 0 48 0 34 53
685 0 0 0 75 0 72 71
686 0 0 0 0 33 0 -37
687 16 4 79 0 86 83 -77
688 0 0 0 14 0 0 31
689 24 0 100 0 100 0 -100
690 100 56 45 0 100 100 -97
691 4 0 27 0 88 40 -95
692 5 4 94 0 90 78 -88
693 34 7 43 0 100 22 -79
694 41 25 80 17 100 0 -78
695 0 0 50 90 0 70 92
696 80 75 92 0 96 80 22
697 0 0 85 0 63 30 -57
698 20 24 80 0 0 0 -46
699 0 0 0 25 0 49 64
700 0 0 31 4 8 17 0
701 68 30 84 0 94 0 -90
702 0 0 0 50 0 11 55
703 0 18 0 20 0 20 20
704 0 0 0 43 0 38 45
705 0 0 85 0 96 0 -93
706 68 0 100 0 99 0 -95
707 0 0 14 0 12 16 -15
708 87 17 20 0 45 53 -92
709 11 0 98 0 95 60 -92
710 11 0 21 100 33 100 67
711 0 0 0 24 10 0 31
712 44 22 78 0 85 20 -76
713 0 0 0 13 66 25 -49
714 0 0 0 63 0 22 61
715 0 0 0 26 0 33 32
716 68 57 0 0 23 11 -60
717 0 0 0 0 20 0 -30
718 0 0 95 0 54 34 -52
719 44 13 10 48 55 62 50
720 0 0 8 14 5 19 18
721 0 0 0 29 0 0 31
722 0 0 0 21 0 24 30
723 79 42 76 0 97 92 -83
724 7 15 76 0 46 7 -81
725 0 0 0 26 0 28 30
726 12 0 18 13 61 50 49
727 16 0 80 11 70 78 -45
728 0 0 0 22 5 9 28
729 0 6 0 35 0 19 37
730 12 7 15 30 20 24 -35
731 0 0 0 14 0 0 31
732 78 64 97 0 100 71 -95
733 62 80 94 7 92 9 -96
734 81 80 100 0 100 32 -100
735 0 0 0 80 0 0 76
736 0 0 48 0 49 0 -48
737 0 0 0 70 0 79 70
738 83 91 96 0 88 80 -91
739 0 0 6 42 0 17 41
740 45 83 100 0 25 100 -62
741 0 8 0 46 0 13 48
742 27 8 96 0 100 19 -100
743 0 0 24 21 7 7 9
744 68 11 100 39 100 36 48
745 0 0 91 0 98 33 -54
746 0 0 0 33 0 43 46
747 6 4 46 0 42 39 -32
748 11 0 59 0 55 0 -51
749 0 0 0 9 0 8 11
750 0 0 0 23 0 27 28
751 0 0 0 5 0 5 13
752 2 4 2 0 2 6 -14
753 29 22 93 11 86 20 -39
754 13 13 87 0 95 23 -80
755 71 42 89 0 83 29 -86
756 0 0 16 0 30 0 -34
757 100 100 100 0 100 100 -100
758 67 0 100 0 100 36 -87
759 0 0 15 100 12 100 100
760 0 0 0 21 0 0 32
761 0 0 24 0 31 10 -38
762 15 10 100 0 61 50 -58
763 0 0 4 17 0 44 43
764 0 0 0 16 0 20 19
765 9 0 47 61 26 20 63
766 4 0 100 0 100 0 -100
767 25 0 63 0 54 15 -55
768 0 0 0 40 0 0 44
769 0 0 0 4 0 0 0
770 0 29 80 0 18 0 -23
771 0 10 32 0 32 37 -31
772 0 0 0 43 0 50 54
773 10 0 26 4 50 22 -50
774 99 0 100 0 99 98 -98
775 0 0 11 15 0 14 6
776 70 30 38 0 0 0 -71
777 9 16 30 50 32 24 48
778 22 20 70 0 83 32 -73
779 0 0 100 0 2 63 -94
780 0 0 41 0 0 19 -38
781 0 0 4 0 64 0 -54
782 92 0 100 97 0 32 62
783 9 11 14 34 0 12 39
784 8 4 0 35 14 28 33
785 23 20 17 41 6 23 40
786 13 8 0 0 39 14 -39
787 0 0 0 37 0 24 39
788 45 40 74 0 83 0 -71
789 0 0 75 0 29 0 -56
790 0 0 52 0 29 0 -34
791 29 0 100 0 100 11 -75
792 42 26 76 0 62 0 -73
793 10 0 69 0 76 24 31
794 0 0 0 17 0 14 22
795 14 40 31 0 22 10 -40
796 0 0 0 0 50 30 -43
797 0 21 25 0 40 35 -4
798 0 0 0 0 32 0 -30
799 0 0 55 0 65 27 40
800 0 0 63 53 26 41 52
801 34 17 0 0 39 0 -31
802 40 0 58 0 56 0 -59
803 7 0 35 0 65 0 -41
804 7 0 30 39 0 47 39
805 31 11 26 0 0 38 -49
806 2 0 73 0 35 61 -29
807 0 58 10 28 0 61 46
808 26 12 75 0 74 39 -73
809 50 0 60 36 54 12 -60
810 22 0 65 0 68 70 44
811 82 0 93 0 100 17 -94
812 0 0 74 0 82 19 -22
813 68 18 89 0 94 42 -84
814 58 25 84 89 22 89 91
815 66 19 60 0 64 65 -25
816 92 40 96 0 97 19 -94
817 0 0 78 0 95 37 -91
818 70 94 88 18 98 0 -89
819 79 65 0 0 31 86 -78
820 0 0 0 23 0 23 25
821 0 0 77 0 51 25 53
822 80 9 93 0 94 64 86
823 89 93 0 0 74 55 -90
824 24 19 90 85 24 35 83
825 0 0 21 91 0 91 87
826 0 84 0 7 0 85 30
827 0 0 25 64 0 63 61
828 52 0 89 46 88 87 -70
829 0 0 0 61 46 0 32
830 51 16 88 0 89 91 -92
831 0 0 0 68 0 69 69
832 21 0 66 58 0 36 49
833 0 0 44 0 53 33 -44
834 87 93 90 0 95 96 -89
835 0 0 0 67 0 28 57
836 17 0 35 30 39 19 -41
837 0 0 0 37 0 39 37
838 0 0 0 46 0 53 48
839 0 0 33 0 21 38 -20
840 28 54 42 0 53 0 -41
841 0 30 47 0 49 49 -44
842 23 0 18 0 30 24 21
843 71 75 39 0 73 75 -76
844 83 39 88 0 93 93 -89
845 29 0 58 0 0 72 56
846 34 10 61 0 57 58 -53
847 0 23 0 31 0 32 32
848 0 0 18 0 0 64 54
849 0 0 75 0 30 40 -65
850 87 62 100 0 100 21 -88
851 79 0 96 0 95 95 -82
852 44 8 50 84 72 82 82
853 0 0 0 53 0 42 51
854 0 0 69 0 37 67 -51
855 91 64 100 0 100 22 -90
856 30 0 67 0 94 89 -43
857 76 80 92 95 90 94 -86
858 0 0 25 87 0 86 86
859 0 0 0 57 28 12 50
860 0 0 0 69 0 35 68
861 76 88 86 0 87 89 -90
862 31 0 85 0 70 86 -82
863 0 0 39 0 43 43 -38
864 10 0 32 79 6 78 76
865 23 0 83 0 90 92 -73
866 10 0 64 75 8 77 73
867 24 24 87 0 91 89 -87
868 68 67 78 0 95 100 -84
869 0 0 74 88 74 85 78
870 20 0 79 19 100 8 32
871 25 0 78 0 95 0 -72
872 83 89 100 0 100 0 -82
873 0 0 0 31 0 18 33
874 0 0 42 0 51 13 -50
875 0 0 0 37 0 14 34
876 73 83 44 0 93 0 -85
877 14 0 47 88 13 87 89
878 12 70 77 80 75 21 82
879 0 0 0 56 0 4 48
880 59 83 90 0 90 22 -80
881 73 78 47 0 86 83 -77
882 76 66 81 0 100 0 -84
883 0 0 0 76 0 66 74
884 0 0 0 43 0 51 42
885 18 0 75 0 75 32 -76
886 22 60 76 0 83 0 -70
887 12 0 86 0 97 98 -100
888 75 27 92 91 89 96 90
889 38 0 90 0 92 57 -88
890 0 32 0 43 8 42 44
891 81 91 22 0 95 0 -83
892 0 0 0 38 0 35 35
893 0 0 27 89 0 88 88
894 0 0 0 44 0 27 30
895 87 0 96 0 100 100 -92
896 0 0 62 0 64 68 31
897 47 15 84 0 83 16 -82
898 0 0 88 0 71 0 -79
899 0 0 15 86 0 71 71
900 0 0 40 0 31 38 -36
901 31 93 0 0 99 28 -93
902 73 29 91 0 99 95 -84
903 74 27 88 0 93 23 -78
904 42 74 0 8 0 54 -42
905 31 0 0 0 48 48 -48
906 0 0 51 0 55 0 -31
907 92 0 75 0 0 9 -83
908 85 19 96 0 95 36 -93
909 0 47 0 25 0 41 30
910 30 26 45 80 65 80 80
911 62 0 73 90 87 89 46
912 95 42 75 0 98 95 -90
913 0 0 0 92 0 95 91
914 28 0 53 0 94 16 -86
915 25 0 48 0 89 32 -85
916 54 65 91 31 84 30 -69
917 23 0 86 56 82 82 -76
918 0 0 33 89 85 64 79
919 0 0 0 46 0 37 41
920 87 12 100 0 100 87 -100
921 26 0 86 0 100 93 -100
922 0 0 0 37 0 45 42
923 21 22 0 48 11 29 45
924 0 0 0 43 0 46 44
925 0 23 62 0 41 0 -60
926 0 0 0 47 0 54 45
927 0 57 0 43 0 64 28
928 0 0 0 30 0 31 31
929 0 0 67 0 86 77 -65
930 0 0 45 88 0 91 84
931 0 0 0 46 0 35 34
932 0 0 46 100 46 100 100
933 0 0 32 91 0 85 86
934 0 0 0 70 0 72 74
935 0 0 83 0 89 20 -82
936 0 0 0 56 9 22 54
937 72 42 75 0 71 74 -76
938 0 0 16 64 0 9 62
939 30 11 77 0 85 84 -84
940 78 89 90 0 93 17 -83
941 0 0 60 68 0 29 61
942 56 0 94 0 100 82 -93
943 0 0 83 0 0 86 -58
944 0 0 88 0 94 96 -86
945 0 0 61 0 69 58 -64
946 0 0 0 76 0 71 71
947 0 0 0 54 0 49 53
948 0 0 9 74 34 82 79
949 37 72 95 90 100 87 71
950 29 0 40 94 38 86 89
951 0 67 0 10 0 70 31
952 0 0 0 15 0 0 15
953 0 0 0 56 0 90 56
954 0 0 26 77 27 75 38
955 0 0 0 11 0 8 10
956 0 0 20 60 0 42 43
957 36 0 72 0 89 80 -74
958 79 64 45 88 93 88 86
959 0 0 81 89 53 89 84
960 0 0 0 70 0 44 72
961 0 0 0 61 0 59 59
962 0 0 40 51 43 46 26
963 0 0 0 0 10 16 -11
964 0 0 75 0 74 77 43
965 86 74 90 96 83 28 90
966 0 0 26 0 54 47 -46
967 0 0 0 74 0 64 70
968 16 0 71 0 76 0 70
969 0 0 31 0 21 31 -30
970 0 0 60 79 76 0 43
971 0 0 42 63 0 62 29
972 0 25 0 17 0 27 24
973 99 100 100 0 100 100 -100
974 77 77 0 0 92 94 -77
975 0 0 90 0 98 69 -92
976 0 0 46 91 0 91 90
977 71 26 94 0 95 94 -43
978 9 0 18 49 49 50 -44
979 0 0 0 22 0 22 22
980 0 0 0 18 0 48 18
981 0 0 64 62 0 66 64
982 23 0 33 26 5 33 18
983 0 0 83 0 96 94 -89
984 83 0 95 5 100 92 -89
985 16 0 44 0 45 18 -44
986 0 0 0 74 0 73 75
987 92 79 67 100 100 92 90
988 0 0 67 97 58 99 95
989 85 100 100 100 100 100 -100
990 77 0 74 0 77 25 -76
991 69 0 90 0 96 91 -85
992 0 0 61 71 44 61 69
993 0 33 0 17 0 44 20
994 26 0 82 0 98 6 -94
995 0 0 29 93 0 100 100
996 0 0 0 68 56 0 63
997 0 0 0 77 0 64 72
998 85 0 92 85 19 95 85
999 0 34 0 30 0 45 41
1000 77 65 98 0 97 19 -91
1001 0 0 0 15 0 20 20
1002 0 0 69 78 0 92 77
1003 58 0 48 71 0 75 72
1004 0 0 64 3 0 60 -61
1005 92 54 95 0 98 0 -91
1006 84 89 96 0 97 31 -91
1007 76 51 87 0 91 93 -92
1008 71 36 69 0 68 69 -69
1009 96 59 97 0 100 100 -94
1010 77 48 92 0 95 18 -93
1011 64 0 76 23 12 75 -64
1012 85 18 85 0 84 85 -80
1013 0 0 0 81 0 74 81
1014 38 0 75 0 37 18 -36
1015 86 91 92 0 95 100 -90
1016 0 0 50 55 0 57 -53
1017 79 14 86 0 11 31 -81
1018 55 0 96 0 98 98 -93
1019 90 94 94 41 95 96 -93
1020 0 0 0 61 0 57 59
1021 0 0 43 0 41 0 -43
1022 0 0 0 0 0 36 33
1023 0 0 0 69 0 66 66
1024 89 90 94 35 97 97 -93
1025 11 0 11 87 9 94 86
1026 25 0 75 0 80 80 -78
1027 0 0 12 70 0 65 66
1028 0 0 10 74 0 75 75
1029 78 68 53 0 84 31 -79
1030 24 11 22 73 75 41 60
1031 46 49 51 0 53 6 -52
1032 80 74 92 0 92 95 -86
1033 23 21 28 92 42 94 82
1034 53 24 55 0 27 72 -55
1035 82 77 94 0 0 0 -77
1036 0 0 0 11 0 0 11
1037 71 69 83 0 75 19 -73
1038 77 18 87 0 86 0 -79
1039 89 82 90 0 98 0 -92
1040 96 98 99 0 99 0 -95
1041 61 23 71 0 23 70 -61
1042 24 0 65 0 0 64 -58
1043 72 72 65 84 65 80 71
1044 39 38 53 71 63 74 30
1045 25 8 30 49 41 51 45
1046 64 57 67 0 68 71 -69
1047 38 0 43 0 44 48 -43
1048 11 0 41 60 16 63 55
1049 66 61 90 0 90 40 -66
1050 56 16 78 0 74 78 -78
1051 19 9 68 0 75 64 -38
1052 0 0 13 68 0 60 60
1053 0 0 0 15 0 15 15
1054 0 0 0 61 0 58 60
1055 24 11 60 0 55 60 51
1056 82 86 96 97 99 97 76
1057 26 27 54 72 74 72 66
1058 0 0 55 70 0 37 70
1059 35 25 61 49 50 0 41
1060 14 11 16 72 15 33 46
1061 54 41 73 80 73 79 72
1062 80 71 84 0 84 86 -81
1063 28 0 59 0 65 0 -62
1064 0 0 55 83 6 64 30
1065 42 21 48 0 47 48 -34
1066 66 55 76 0 72 0 -39
1067 0 0 0 56 0 53 56
1068 0 0 0 56 0 78 59
1069 90 90 92 0 93 0 -92
1070 90 93 95 0 97 0 -91
1071 13 0 46 87 7 85 82
1072 10 9 8 90 8 89 86
1073 0 0 55 54 0 54 22
1074 20 19 19 39 18 38 36
1075 43 40 46 10 47 9 -47
1076 84 58 86 0 92 94 -84
1077 0 0 0 64 0 62 64
1078 72 57 72 0 69 69 -70
1079 0 0 76 0 75 85 -73
1080 0 0 64 84 63 67 68
1081 0 0 38 77 36 77 75
1082 0 0 67 15 68 72 -73
1083 0 0 57 66 13 0 48
1084 0 0 59 72 62 74 73
1085 0 0 36 77 37 78 77
1086 0 0 82 0 81 82 -80
1087 67 21 78 90 78 76 -77
1088 81 29 84 92 85 84 69
1089 59 18 70 81 72 80 -77
1090 0 0 24 75 21 74 74
1091 0 0 19 94 18 94 90
1092 0 0 22 93 0 92 85
1093 0 0 70 75 69 32 75
1094 0 0 85 0 85 90 -85
1095 91 57 89 0 90 90 -88
1096 76 70 77 0 77 76 -78
1097 67 67 69 8 80 76 -76
1098 0 0 44 0 34 43 -42
1099 77 71 74 85 77 78 82
1100 0 34 67 0 67 15 -67
1101 0 0 34 0 0 0 -34
1102 12 0 70 75 17 52 46
1103 0 0 17 75 15 70 73
1104 0 39 61 68 61 0 65
1105 0 14 0 60 17 0 64
1106 0 0 0 73 0 73 73
1107 0 0 60 0 59 43 -20
1108 0 0 50 50 0 68 35
1109 0 0 0 82 0 74 82
1110 61 70 63 0 84 84 -81
1111 0 0 60 68 0 68 68
1112 0 0 70 0 62 69 -62
1113 0 0 20 81 0 80 78
1114 0 0 84 0 78 80 -54
1115 0 0 22 83 21 83 82
1116 0 0 68 0 67 66 -47
1117 0 0 0 60 0 29 58
1118 0 0 0 68 0 64 61
1119 0 0 0 67 0 67 66
1120 14 35 17 60 47 62 43
1121 0 0 9 69 0 66 64
1122 35 16 67 0 43 66 -56
1123 39 0 44 0 42 41 35
1124 10 0 61 0 59 59 -59
1125 83 80 91 0 89 0 -81
1126 0 0 0 75 0 74 75
1127 0 0 0 62 0 61 61
1128 0 0 0 61 0 59 61
1129 28 29 31 74 29 0 75
1130 0 0 24 51 22 52 50
1131 0 0 0 63 0 61 63
1132 0 0 0 62 0 62 62
1133 0 0 0 71 0 71 71
1134 0 0 0 0 33 15 -21
1135 0 0 20 63 20 26 62
1136 37 24 54 0 67 87 -62
1137 0 0 0 34 0 33 33
1138 0 0 34 0 36 14 21
1139 0 0 0 41 0 35 41
1140 0 0 0 10 0 6 14
1141 0 0 5 0 29 57 -29
1142 44 0 0 0 44 20 -46
1143 0 0 26 0 50 40 -43
1144 25 0 0 7 50 48 -42
1145 0 0 0 65 0 13 64
1146 0 0 0 46 0 43 44
1147 0 0 0 58 0 57 59
1148 0 0 0 0 10 0 -11
1149 23 0 26 0 53 51 -51
1150 0 0 32 0 67 62 -35
1151 0 0 0 67 0 66 67
1152 0 0 0 66 0 13 64
1153 0 0 0 41 0 19 40
1154 0 0 0 40 0 40 41
1155 0 0 0 52 0 51 51
1156 0 0 50 0 72 39 -68
1157 49 15 43 0 70 70 71
1158 0 0 0 45 0 45 46
1159 74 12 70 0 74 12 -69
1160 34 0 77 0 74 38 -74
1161 76 14 93 0 97 6 -78
1162 23 27 34 75 48 70 69
1163 0 0 66 78 69 81 70
1164 0 0 0 59 0 60 61
1165 39 0 0 0 68 22 -45
1166 0 0 0 42 0 40 41
1167 0 11 28 50 48 62 -43
1168 64 74 89 94 90 94 80
1169 0 0 0 6 63 58 -32
1170 0 0 0 47 0 45 45
1171 0 0 0 51 0 51 52
1172 0 0 0 45 0 47 44
1173 35 0 91 0 91 91 -84
1174 0 0 85 0 93 86 -79
1175 21 0 72 0 97 16 -81
1176 0 0 39 57 41 66 45
1177 0 0 0 35 0 32 30
1178 63 31 56 0 63 53 -54
1179 0 0 33 47 36 63 45
1180 0 0 10 65 67 67 -53
1181 30 64 27 0 65 11 -76
1182 0 0 81 0 79 17 -79
1183 80 19 71 0 84 91 -71
1184 6 0 59 73 60 83 60
1185 61 59 63 72 60 0 70
1186 0 12 55 0 0 66 -53
1187 67 25 77 0 77 88 75
1188 0 0 0 61 0 64 63
1189 25 16 25 69 15 66 56
1190 14 11 60 19 56 57 20
1191 72 0 64 14 54 13 -72
1192 0 0 70 80 29 69 56
1193 45 20 56 19 69 22 -59
1194 7 0 27 65 26 67 64
1195 0 0 0 57 0 54 56
1196 0 0 0 49 33 50 45
1197 0 0 31 57 0 55 56
1198 14 0 59 0 68 75 -62
1199 0 0 0 0 42 31 -16
1200 0 0 8 11 10 11 -10
1201 0 0 56 0 0 59 52
1202 0 0 62 0 60 63 63
1203 14 0 33 63 50 63 63
1204 39 0 82 0 92 93 -88
1205 0 0 0 63 0 64 65
1206 0 0 14 67 12 66 63
1207 41 0 84 0 96 95 -81
1208 0 0 0 77 0 75 72
1209 0 0 78 78 68 77 32
1210 0 0 0 65 0 65 64
1211 0 0 0 59 0 58 58
1212 39 13 74 0 73 73 -67
1213 0 0 0 8 0 6 10
1214 0 0 0 62 0 63 60
1215 0 0 33 69 0 71 68
1216 18 0 85 0 82 85 -86
1217 0 0 38 0 0 36 -38
1218 0 0 16 63 22 65 43
1219 17 0 16 67 47 64 64
1220 52 0 83 0 80 81 -79
1221 0 0 0 60 59 71 36
1222 42 18 67 77 92 29 72
1223 0 0 27 75 19 78 76
1224 0 0 0 71 0 74 72
1225 0 0 0 68 0 66 65
1226 0 0 0 74 0 73 72
1227 0 0 0 20 0 15 20
1228 0 0 68 0 63 70 -61
1229 68 0 68 0 74 75 -72
1230 0 0 0 37 0 36 37
1231 0 0 0 0 22 21 -19
1232 0 0 0 66 0 17 66
1233 0 0 0 56 0 65 65
1234 53 0 69 0 69 69 55
1235 21 0 63 0 62 62 -61
1236 0 0 0 64 0 65 64
1237 22 0 19 0 62 0 -55
1238 0 0 0 62 0 61 61
1239 0 0 0 68 0 67 67
1240 47 13 52 0 51 47 -54
1241 12 0 66 0 65 62 39
1242 0 0 7 12 0 13 -15
1243 52 0 74 0 13 48 -74
1244 0 0 0 0 32 40 -31
1245 15 0 24 0 55 57 -42
1246 0 0 0 63 0 60 62
1247 0 0 0 68 0 66 67
1248 0 0 52 0 47 51 22
1249 0 0 21 0 42 38 -24
1250 0 0 77 0 90 82 -90
1251 0 0 0 47 0 46 48
1252 0 0 35 10 48 47 -48
1253 28 29 56 69 56 56 56
1254 0 0 15 76 12 72 72
1255 0 0 31 41 0 7 32
1256 63 13 72 0 75 75 -70
1257 25 0 80 0 80 81 -79
1258 13 0 77 0 83 74 -88
1259 0 0 0 72 0 71 70
1260 39 0 64 0 63 14 -68
1261 51 0 83 0 87 86 -81
1262 0 0 74 73 67 73 40
1263 0 0 0 37 13 20 -18
1264 0 10 36 0 38 52 -38
1265 0 0 0 38 0 39 35
1266 0 0 46 0 53 56 -51
1267 0 0 0 69 0 67 68
1268 0 0 32 71 34 70 71
1269 0 0 0 53 0 68 53
1270 0 0 0 52 0 52 51
1271 0 0 0 55 7 56 54
1272 0 0 17 60 17 60 58
1273 0 0 0 31 0 32 32
1274 0 0 0 41 0 42 41
1275 17 0 43 6 43 45 -45
1276 0 0 0 42 0 42 41
1277 0 6 8 21 0 22 13
1278 25 0 46 0 30 48 -30
1279 0 0 0 32 0 32 30
1280 13 0 64 0 76 65 -63
1281 0 19 85 12 74 84 -81
1282 0 0 85 91 85 79 73
1283 44 14 62 22 63 64 -67
1284 0 0 8 54 0 55 56
1285 0 0 13 21 0 8 22
1286 0 0 0 0 33 36 -35
1287 0 7 0 0 15 34 -35
1288 0 0 0 38 0 37 39
1289 0 0 0 35 0 34 37
1290 0 0 10 16 48 46 -46
1291 0 0 0 34 0 36 34
1292 30 30 30 8 47 46 -45
1293 16 8 48 0 38 63 -75
1294 0 0 0 22 0 22 22
1295 12 0 26 0 39 35 -37
1296 0 0 67 22 78 67 -72
1297 0 0 56 78 56 12 -61
1298 13 0 54 77 55 77 71
1299 0 0 7 38 0 7 35
1300 15 0 41 0 0 43 -42
1301 0 0 11 46 19 32 36
1302 0 0 0 41 31 36 28
1303 0 0 0 0 21 23 -21
1304 0 0 41 11 28 43 -39
1305 44 0 76 0 95 31 -80
1306 37 49 74 0 87 88 -71
1307 0 0 12 40 22 47 42
1308 0 0 17 20 0 43 29
1309 18 0 60 93 92 95 18
1310 54 0 50 33 57 59 -60
1311 18 0 61 19 60 62 20
1312 0 0 39 53 43 56 43
1313 0 0 0 32 0 33 34
1314 56 74 91 0 93 25 -74
1315 0 0 32 0 31 40 -32
1316 18 0 0 0 43 42 -42
1317 26 0 59 0 49 66 -58
1318 0 0 0 65 0 61 59
1319 0 0 72 22 66 71 -72
1320 40 0 68 0 70 71 -69
1321 0 0 76 23 76 82 -73
1322 0 0 10 69 0 74 68
1323 12 0 51 5 61 62 -62
1324 0 0 61 0 61 62 -60
1325 0 0 29 83 28 83 80
1326 0 0 0 29 0 31 30
1327 0 0 0 29 0 28 30
1328 16 0 58 71 57 68 71
1329 20 0 48 11 57 58 -71
1330 0 0 0 50 0 48 52
1331 32 8 88 0 90 88 -92
1332 22 0 60 0 78 81 42
1333 11 0 0 0 49 28 -50
1334 0 0 57 47 31 55 -43
1335 0 0 0 36 0 36 37
1336 0 0 0 35 0 34 40
1337 0 0 0 16 16 33 19
1338 0 13 50 0 51 64 -67
1339 0 0 0 56 0 57 57
1340 11 0 37 0 52 0 -50
1341 21 0 50 0 54 54 -52
1342 0 0 0 34 0 45 36
1343 23 0 71 0 48 50 -72
1344 43 0 55 0 67 68 -65
1345 0 0 45 73 47 71 61
1346 60 0 80 0 96 85 -88
1347 0 0 13 47 0 51 42
1348 0 0 0 34 0 34 34
1349 0 0 0 40 0 40 36
1350 0 0 65 47 70 70 -21
1351 0 0 9 40 0 43 44
1352 0 0 48 59 52 18 36
1353 0 0 19 47 0 55 26
1354 91 93 93 0 100 95 -89
1355 0 0 0 61 0 59 59
1356 0 0 20 64 12 70 62
1357 23 16 41 51 45 60 41
1358 19 0 75 0 79 75 -72
1359 0 0 0 77 24 89 75
1360 0 0 61 87 63 82 76
1361 0 0 0 65 0 88 81
1362 10 0 64 0 60 8 -52
1363 0 0 64 0 76 77 -68
1364 0 0 0 70 21 71 65
1365 0 0 24 24 26 0 0
1366 28 19 59 86 81 86 86
1367 30 30 63 84 66 83 73
1368 8 0 16 0 41 50 -32
1369 9 0 15 58 17 60 44
1370 0 0 13 32 11 36 37
1371 0 0 44 0 47 56 -49
1372 30 0 46 46 31 47 45
1373 71 0 50 0 86 88 -75
1374 0 0 69 0 93 71 -73
1375 0 0 0 48 0 50 49
1376 24 0 24 40 27 8 44
1377 0 0 0 43 0 40 41
1378 50 0 67 24 95 68 -82
1379 0 0 25 70 27 70 68
1380 24 0 58 70 33 70 69
1381 91 44 94 0 91 92 -88
1382 12 0 51 0 45 53 -55
1383 0 0 0 62 0 61 63
1384 0 0 0 36 0 36 35
1385 0 0 15 34 0 35 35
1386 31 0 34 61 39 58 -58
1387 0 0 0 40 0 40 45
1388 18 0 45 0 90 90 -83
1389 13 0 59 0 44 56 45
1390 0 0 0 74 0 72 73
1391 43 26 77 85 73 84 80
1392 0 0 11 37 0 39 41
1393 0 0 36 0 37 0 -37
1394 32 44 71 0 77 85 -84
1395 0 37 76 0 86 86 -86
1396 20 0 76 0 73 6 -75
1397 42 68 77 25 80 14 -79
1398 11 0 14 78 20 73 64
1399 45 0 43 78 46 79 76
1400 0 0 0 41 0 41 42
1401 0 0 0 0 81 42 -81
1402 36 0 65 85 64 87 81
1403 0 0 0 0 60 60 -59
1404 25 26 0 0 73 74 -70
1405 80 30 80 0 70 77 -78
1406 0 0 14 37 0 36 37
1407 15 26 28 0 60 59 -61
1408 0 0 0 50 0 34 34
1409 0 0 22 31 20 33 -36
1410 0 0 0 44 0 44 42
1411 0 0 0 47 0 47 48
1412 0 0 0 40 0 39 39
1413 0 0 0 26 0 23 23
1414 24 0 87 0 95 85 -91
1415 0 0 67 0 60 69 -68
1416 15 0 71 0 89 77 -73
1417 0 50 19 0 0 0 -38
1418 8 0 11 45 11 47 44
1419 22 26 10 0 27 0 -30
1420 0 0 0 44 0 44 46
1421 50 73 49 65 49 64 63
1422 0 0 36 0 48 39 -47
1423 0 0 0 37 0 38 39
1424 0 0 44 66 0 67 70
1425 0 13 18 29 17 29 21
1426 0 0 12 0 0 14 -11
1427 64 49 68 0 92 36 -78
1428 0 0 0 51 0 52 49
1429 0 7 0 34 0 33 34
1430 11 0 0 0 60 57 -46
1431 36 65 67 0 89 45 -85
1432 0 0 14 0 0 6 -11
1433 0 0 17 71 18 70 72
1434 0 0 0 0 0 66 -32
1435 0 0 0 48 0 50 49
1436 0 0 32 18 34 57 -36
1437 0 0 0 33 20 35 22
1438 74 77 87 94 100 7 100
1439 87 72 99 0 100 0 87
1440 7 0 9 24 9 33 34
1441 0 0 47 33 55 56 -44
1442 15 0 0 83 11 88 88
1443 0 0 21 37 36 15 -25
1444 0 0 0 39 0 39 37
1445 0 0 0 56 0 56 56
1446 61 52 67 0 62 62 -66
1447 0 0 0 46 0 47 46
1448 0 0 25 0 60 48 -61
1449 46 39 0 0 48 48 -50
1450 13 0 72 0 92 76 -83
1451 15 0 51 90 51 55 86
1452 29 42 80 67 68 48 -61
1453 0 0 20 0 38 35 20
1454 15 0 19 65 19 66 63
1455 85 90 89 0 90 93 -89
1456 46 82 71 0 70 83 -80
1457 0 0 0 56 0 55 55
1458 0 0 0 49 0 54 52
1459 60 26 72 0 88 90 -82
1460 24 20 0 0 22 60 -47
1461 0 0 0 70 0 71 67
1462 0 0 0 16 0 13 15
1463 0 32 53 0 56 60 -55
1464 19 0 66 0 53 66 -67
1465 0 0 9 32 0 33 33
1466 31 0 51 0 53 50 -56
1467 0 0 46 13 37 46 -47
1468 14 0 44 13 44 44 -45
1469 0 0 40 80 74 80 78
1470 0 0 79 0 78 79 -76
1471 0 0 0 41 0 42 44
1472 24 46 51 23 47 50 -53
1473 0 0 0 58 0 54 56
1474 0 0 0 64 0 61 63
1475 0 0 0 40 0 40 40
1476 18 0 51 0 47 63 -50
1477 0 13 66 31 26 65 -62
1478 0 0 38 0 40 40 -41
1479 0 0 67 0 64 76 -64
1480 0 0 0 15 0 53 30
1481 70 16 76 0 74 76 -78
1482 87 93 91 0 100 14 -100
1483 0 22 9 0 32 0 -31
1484 0 0 53 68 54 65 65
1485 0 0 18 0 46 46 -45
1486 38 0 65 0 100 79 -100
1487 0 0 0 43 0 41 43
1488 0 0 0 30 0 13 31
1489 0 27 36 7 67 9 -31
1490 23 0 80 79 88 84 77
1491 0 0 40 0 100 43 -100
1492 16 0 79 84 84 86 84
1493 0 0 0 73 0 73 71
1494 13 14 69 14 87 87 -84
1495 0 0 17 0 56 53 -53
1496 28 25 73 0 94 84 -89
1497 0 0 40 76 69 87 80
1498 0 0 0 82 0 82 79
1499 59 36 84 96 100 96 79
