500 0 0 0 100 0 0 100
501 0 0 0 0 100 0 -100
502 0 0 0 50 0 0 100
503 0 0 0 100 0 0 100
504 0 0 0 50 0 50 70
505 0 0 0 0 100 0 -100
506 0 0 0 0 0 50 0
507 0 0 0 100 0 0 100
508 0 0 0 0 0 60 0
509 0 0 0 0 0 80 50
510 0 0 0 0 0 100 0
511 0 0 0 0 0 100 50
512 0 0 0 0 0 50 0
513 0 0 0 100 0 0 100
514 0 100 0 0 0 50 -80
515 0 0 0 100 0 0 100
516 0 0 0 100 0 0 100
517 0 0 0 100 0 0 100
518 0 0 60 0 100 0 -100
519 0 0 0 0 0 80 50
520 0 0 0 0 0 0 0
521 0 0 0 0 0 50 0
522 80 0 0 0 0 50 -75
523 0 50 0 0 0 0 0
524 0 0 0 100 0 0 100
525 0 60 0 0 0 80 0
526 0 0 0 100 0 0 100
527 0 80 0 0 0 50 0
528 50 0 0 50 0 60 50
529 0 0 0 0 0 100 100
530 0 0 0 100 0 0 100
531 0 0 0 0 0 100 0
532 0 0 0 80 0 0 100
533 0 0 70 0 50 0 -100
534 0 0 0 100 0 0 100
535 0 0 0 80 0 40 100
536 0 0 0 0 80 0 -100
537 60 50 0 0 0 0 -100
538 0 0 0 0 0 0 0
539 80 0 0 0 50 50 -100
540 0 0 0 100 0 0 100
541 0 0 0 0 0 80 -75
542 0 0 0 0 50 0 0
543 0 0 0 100 0 0 100
544 0 0 80 0 0 0 -100
545 0 100 0 0 0 0 -100
546 0 0 0 60 0 50 100
547 0 0 0 0 60 0 -100
548 0 80 0 0 0 0 -100
549 60 0 0 0 0 80 -100
550 0 0 0 100 0 0 100
551 0 0 80 0 100 0 -100
552 0 0 0 0 100 0 -100
553 0 0 0 0 0 0 0
554 0 0 0 0 0 0 0
555 0 0 0 70 40 0 50
556 0 0 0 100 0 0 100
557 70 0 50 0 0 0 -70
558 0 0 0 100 0 50 100
559 0 0 0 100 0 70 100
560 0 0 0 0 0 100 60
561 0 0 60 80 0 0 -70
562 0 0 100 0 0 0 -50
563 0 0 0 0 70 0 -90
564 0 0 0 70 0 80 100
565 0 0 70 0 100 0 -100
566 0 0 0 100 0 0 100
567 0 0 0 100 0 60 100
568 80 0 60 0 0 0 -80
569 0 0 50 100 0 0 75
570 0 70 0 0 80 0 -80
571 0 0 0 60 0 100 75
572 0 0 0 80 0 0 58
573 0 0 0 0 0 0 0
574 0 0 0 0 40 80 -70
575 0 0 0 100 0 0 100
576 80 80 0 0 0 0 -100
577 0 0 80 0 60 0 -70
578 0 0 100 0 50 60 -80
579 0 0 60 0 80 0 -100
580 0 0 0 100 0 50 100
581 70 0 0 0 60 0 -80
582 0 0 80 0 60 0 -80
583 0 0 80 0 80 0 -85
584 0 0 0 0 0 90 -80
585 0 0 0 0 80 90 -85
586 0 0 0 100 0 0 80
587 0 0 0 60 0 90 85
588 0 0 50 100 0 0 90
589 40 0 0 0 50 0 -50
590 0 0 80 0 60 0 -80
591 0 0 70 0 0 50 -70
592 0 0 0 100 0 50 100
593 0 0 0 0 0 100 100
594 0 0 80 0 50 0 -90
595 0 0 60 100 0 0 80
596 0 0 0 0 0 100 60
597 0 0 0 80 0 0 80
598 0 0 0 0 0 0 0
599 0 0 0 50 0 0 30
600 0 0 0 0 0 100 80
601 0 0 80 0 50 0 -80
602 0 60 0 0 0 70 -60
603 70 0 60 0 0 0 -60
604 0 0 0 50 0 0 50
605 0 0 80 0 100 0 -100
606 0 0 100 0 60 0 -90
607 0 0 0 100 0 0 100
608 0 0 0 0 100 0 -100
609 60 0 80 0 50 0 -80
610 0 0 90 0 50 0 -90
611 0 0 0 0 0 50 0
612 0 0 0 100 0 0 90
613 0 70 0 0 60 0 -80
614 0 0 0 100 0 50 70
615 100 0 0 0 0 0 -100
616 80 0 0 0 50 0 -70
617 0 0 0 80 0 50 80
618 0 0 0 80 0 0 100
619 0 0 0 0 0 50 70
620 0 0 0 0 50 0 -50
621 60 80 0 0 70 0 -90
622 0 0 0 100 0 80 90
623 0 0 0 0 0 80 80
624 0 0 80 0 60 0 -90
625 0 0 0 100 0 0 90
626 0 0 0 80 0 70 85
627 0 0 0 100 0 0 80
628 0 0 0 100 0 0 80
629 0 0 0 0 100 0 -100
630 0 0 0 100 0 50 100
631 0 0 0 100 0 0 100
632 0 0 0 0 80 0 -80
633 70 50 0 0 60 0 -70
634 0 0 0 0 0 60 60
635 0 0 0 100 0 0 90
636 0 60 0 0 100 0 -90
637 0 0 0 100 0 50 90
638 0 0 0 0 60 0 -60
639 0 0 0 0 60 0 -60
640 0 0 100 0 0 0 -90
641 0 0 0 0 60 0 -60
642 0 0 0 100 0 0 80
643 60 0 0 0 50 0 -60
644 0 0 0 0 80 0 -80
645 0 0 0 0 80 0 -80
646 0 0 70 0 60 0 -80
647 0 0 0 100 0 0 80
648 0 0 100 0 0 50 0
649 0 0 0 100 0 0 100
650 0 0 0 70 80 0 -50
651 0 0 0 70 0 50 60
652 0 0 70 0 80 0 -80
653 0 0 0 0 0 100 70
654 0 0 0 0 0 100 0
655 0 0 0 0 80 0 -70
656 0 0 0 0 0 100 0
657 0 0 100 0 40 0 -100
658 0 0 100 0 0 0 -80
659 0 0 50 0 90 0 -80
660 0 0 0 0 0 100 0
661 0 0 0 0 0 100 0
662 0 0 0 0 60 50 -70
663 0 0 0 0 0 100 0
664 0 0 0 0 80 0 -80
665 0 0 0 60 50 0 70
666 0 0 0 100 0 0 100
667 0 0 60 100 0 0 70
668 0 0 0 0 0 0 0
669 0 0 0 0 70 0 -70
670 70 0 0 0 60 0 -70
671 0 0 0 0 0 50 0
672 0 0 0 0 0 0 0
673 0 0 0 0 0 100 0
674 0 0 0 100 0 0 80
675 0 0 0 100 0 0 100
676 0 0 50 80 0 0 70
677 0 0 0 0 70 0 -70
678 0 0 0 0 60 0 -60
679 0 0 60 0 80 0 -70
680 0 0 0 100 0 50 100
681 0 0 0 0 0 100 0
682 0 0 0 100 0 0 100
683 0 0 80 0 50 0 -80
684 0 0 0 0 0 100 0
685 0 0 0 100 0 0 100
686 0 0 0 0 60 50 -50
687 0 0 0 0 0 0 0
688 0 0 0 100 0 0 100
689 0 0 100 0 0 0 -100
690 0 0 0 0 90 0 -90
691 0 0 80 0 60 0 -90
692 0 0 0 0 0 100 0
693 0 0 0 0 100 0 -100
694 0 0 60 0 60 0 -80
695 0 0 0 90 0 0 100
696 0 100 0 0 0 0 -100
697 0 0 90 0 50 0 -100
698 0 0 90 0 0 60 -100
699 0 0 0 0 0 100 0
700 0 0 0 0 0 0 0
701 60 0 0 0 50 0 -70
702 0 0 0 90 0 60 70
703 0 0 0 0 0 100 100
704 0 0 0 90 0 0 100
705 0 0 0 90 0 0 90
706 0 0 100 0 0 0 -80
707 0 0 0 0 0 90 0
708 0 0 100 0 0 0 -90
709 0 0 60 0 80 0 -90
710 0 0 0 100 0 50 80
711 0 0 0 100 0 0 90
712 0 0 0 0 100 0 -100
713 0 0 0 0 100 0 -100
714 0 0 0 100 0 0 90
715 0 0 0 80 0 0 90
716 70 0 80 0 0 0 -90
717 0 0 0 0 0 0 0
718 0 0 100 0 0 0 -100
719 100 0 0 0 0 0 -100
720 0 0 0 80 0 0 80
721 0 0 0 100 0 0 100
722 0 0 0 0 0 80 80
723 0 0 0 0 0 0 0
724 0 0 0 0 80 0 -90
725 0 0 0 100 0 0 90
726 0 0 50 0 50 0 -60
727 0 0 0 60 0 70 70
728 0 0 0 0 0 0 0
729 0 0 0 90 0 0 90
730 0 0 0 100 0 0 100
731 0 0 0 0 0 0 0
732 80 0 0 0 0 0 -100
733 0 0 0 0 100 0 -100
734 0 0 80 0 0 0 -90
735 0 0 0 100 0 0 100
736 0 0 0 0 50 0 -90
737 0 0 0 100 0 0 100
738 100 0 0 0 0 0 -100
739 0 0 0 0 0 100 0
740 0 0 0 0 0 100 0
741 0 0 0 80 0 50 70
742 0 0 80 0 50 0 -90
743 0 100 0 0 0 0 -70
744 0 0 0 0 0 60 0
745 0 0 0 0 60 0 -80
746 0 0 0 100 0 0 100
747 0 0 0 60 0 0 70
748 0 0 0 0 70 0 -80
749 0 0 0 0 0 100 0
750 0 0 0 70 0 60 80
751 0 0 0 50 0 0 0
752 0 0 0 0 60 0 -50
753 0 0 0 80 50 0 -70
754 70 0 0 0 100 0 -100
755 0 0 0 100 0 0 100
756 0 0 0 0 50 50 -60
757 0 0 0 0 80 50 -90
758 0 0 0 100 0 0 100
759 0 0 0 100 0 0 100
760 0 0 0 80 0 0 70
761 0 0 0 0 70 0 -80
762 0 0 0 70 0 0 70
763 0 0 0 0 0 100 0
764 0 0 0 0 0 0 0
765 0 0 0 100 0 0 100
766 0 0 0 0 100 0 -100
767 0 0 100 0 0 0 -100
768 0 0 0 100 0 0 100
769 0 0 0 100 0 0 100
770 0 0 60 0 0 70 0
771 0 0 0 0 0 70 0
772 0 0 0 100 0 0 100
773 0 0 0 0 70 0 -90
774 0 0 0 0 90 0 -100
775 0 0 0 100 0 0 100
776 100 0 0 0 0 0 0
777 0 0 0 70 50 0 70
778 0 0 0 0 100 0 -100
779 0 0 0 0 0 0 0
780 0 0 0 0 0 50 0
781 0 0 0 60 50 0 -60
782 0 0 0 90 0 0 -80
783 0 0 0 100 0 0 100
784 0 0 0 0 0 0 0
785 0 0 0 100 0 0 100
786 0 0 80 0 0 0 -80
787 0 0 0 100 0 0 80
788 0 0 0 0 80 0 -100
789 0 100 0 0 0 0 -100
790 0 0 0 0 70 80 -100
791 0 0 0 0 0 0 0
792 0 100 0 0 0 0 -100
793 0 0 0 70 0 0 80
794 0 0 0 100 0 0 100
795 0 0 0 0 0 100 50
796 0 0 0 100 0 0 100
797 70 0 0 0 60 0 -90
798 0 0 0 0 80 0 -90
799 0 0 0 0 0 100 -90
800 0 0 0 80 0 70 90
801 0 0 0 70 0 0 60
802 0 0 100 0 0 0 -80
803 70 0 0 0 50 0 -80
804 0 0 60 80 0 50 60
805 0 0 90 0 0 0 -80
806 0 0 0 0 80 0 -90
807 0 0 0 0 0 100 0
808 0 0 0 60 0 0 70
809 0 0 0 0 0 0 0
810 0 0 100 0 0 0 -90
811 0 0 90 0 80 0 -100
812 0 0 0 0 90 0 -100
813 0 0 100 0 0 0 -100
814 0 0 0 80 0 0 80
815 80 0 0 0 0 0 -80
816 0 0 0 0 100 0 -100
817 0 0 0 0 100 50 -100
818 0 0 0 90 70 0 70
819 0 0 0 0 100 0 -100
820 0 0 0 0 0 0 0
821 0 0 0 0 0 0 0
822 0 0 0 0 50 0 -60
823 0 0 0 0 80 0 -60
824 0 0 0 80 0 0 70
825 0 0 0 100 0 0 100
826 0 0 0 0 0 100 0
827 0 0 0 0 0 0 0
828 100 0 60 0 0 0 -80
829 0 0 0 70 0 0 70
830 0 0 0 0 100 0 -100
831 0 0 0 100 0 0 100
832 0 0 0 0 0 0 0
833 0 0 0 0 0 0 0
834 0 0 0 0 50 70 -90
835 0 0 0 100 0 0 100
836 0 0 0 0 80 0 -90
837 0 0 0 100 0 0 100
838 0 0 0 100 0 50 90
839 0 0 0 70 0 50 50
840 90 0 80 0 0 0 -90
841 0 0 80 0 0 0 -90
842 0 0 0 0 0 0 0
843 80 0 60 0 0 0 -80
844 0 0 80 0 0 0 -80
845 60 0 80 0 0 0 -70
846 0 0 100 0 0 0 -90
847 0 0 0 0 0 100 0
848 0 0 0 100 0 50 70
849 0 0 0 100 0 0 100
850 0 0 100 0 0 0 -100
851 0 0 90 0 0 0 -100
852 0 0 0 100 0 0 100
853 0 0 0 0 0 100 100
854 0 0 0 0 0 0 0
855 0 0 100 0 0 0 -100
856 0 0 0 0 80 0 -100
857 0 0 80 0 0 0 -90
858 0 0 0 100 0 0 100
859 0 0 0 100 0 0 80
860 0 0 0 90 0 0 90
861 0 100 0 0 0 0 -90
862 0 0 80 50 0 0 0
863 0 0 0 0 0 0 0
864 0 0 70 90 0 0 70
865 0 0 0 0 0 100 0
866 0 0 0 100 0 0 100
867 0 0 100 0 0 0 -60
868 0 0 0 0 0 100 0
869 0 0 0 0 0 100 0
870 0 0 90 0 70 0 -70
871 0 0 0 0 100 0 -100
872 0 0 100 0 0 0 -80
873 0 0 0 80 0 0 70
874 0 0 0 0 80 0 -90
875 0 0 0 0 0 0 0
876 0 0 0 60 0 0 70
877 0 0 70 100 0 0 70
878 0 0 50 80 0 0 80
879 0 0 0 0 60 0 -90
880 0 0 100 0 0 0 -90
881 0 0 100 0 0 0 0
882 0 0 0 0 80 0 0
883 0 0 0 100 0 0 100
884 0 0 0 100 0 50 100
885 0 0 70 60 0 0 70
886 0 0 0 0 90 0 -90
887 0 0 70 0 90 0 -90
888 0 0 0 0 0 100 0
889 0 0 100 0 0 0 -100
890 0 0 0 80 0 0 80
891 50 0 0 0 0 0 -80
892 0 0 0 0 0 100 90
893 0 0 0 0 0 100 0
894 0 0 0 100 0 0 100
895 0 0 100 0 0 0 -90
896 0 0 100 0 0 0 -100
897 0 0 100 0 0 0 -90
898 0 0 100 0 0 0 -90
899 0 0 0 100 0 0 100
900 0 0 0 0 60 0 -80
901 0 0 0 0 0 100 0
902 0 0 0 0 0 0 0
903 0 0 100 0 0 0 0
904 0 100 0 0 0 0 0
905 0 0 0 0 0 80 0
906 0 0 0 0 60 0 -60
907 0 0 0 0 0 0 0
908 0 0 80 0 50 0 -70
909 0 0 0 0 0 100 0
910 0 0 0 80 0 0 90
911 0 0 80 50 0 0 70
912 100 0 0 0 0 0 -90
913 0 0 0 100 0 0 100
914 0 0 80 0 60 0 -80
915 0 0 80 0 60 0 -80
916 0 0 0 0 0 100 0
917 0 0 80 0 0 0 -90
918 0 0 0 90 0 0 90
919 0 0 0 80 0 0 90
920 0 0 80 0 100 0 -100
921 0 0 80 0 100 0 -100
922 0 0 0 90 0 0 90
923 0 0 0 100 0 0 100
924 0 0 0 100 0 0 100
925 0 0 0 0 0 100 0
926 0 0 0 90 0 0 80
927 0 100 0 0 0 50 0
928 0 0 0 100 0 0 90
929 0 0 0 0 80 0 -80
930 0 0 0 0 0 70 0
931 0 0 0 90 0 0 90
932 0 0 0 100 0 0 100
933 0 0 80 100 0 0 100
934 0 0 0 90 0 0 90
935 0 0 0 0 0 100 0
936 0 0 0 80 0 0 100
937 0 0 0 0 0 50 0
938 0 0 0 90 0 0 90
939 0 0 100 0 0 0 -100
940 0 0 100 0 0 0 -100
941 0 0 0 0 0 0 0
942 0 0 0 0 100 0 -100
943 0 0 0 0 70 0 -80
944 0 0 0 0 100 60 -100
945 0 0 0 0 70 0 -80
946 0 0 0 0 0 100 0
947 0 0 0 90 0 0 90
948 0 0 0 100 0 0 100
949 0 0 100 0 0 0 -100
950 0 0 60 90 0 0 90
951 0 0 0 0 0 100 0
952 0 0 0 80 0 0 80
953 0 0 0 100 0 0 100
954 0 0 0 80 0 0 70
955 0 0 0 80 0 0 70
956 0 0 0 100 0 0 0
957 0 0 100 0 0 0 -80
958 100 0 0 0 0 0 -100
959 0 0 0 80 0 0 80
960 0 0 0 100 0 0 80
961 0 0 0 90 0 0 80
962 0 0 0 100 0 50 80
963 0 0 0 70 0 0 70
964 0 0 0 0 0 100 0
965 100 0 0 0 0 0 0
966 0 0 0 0 60 0 -70
967 0 0 0 0 0 0 0
968 100 0 0 0 0 0 -80
969 0 0 0 0 50 50 -60
970 0 0 100 0 0 0 -100
971 0 0 0 80 0 0 80
972 0 0 0 0 0 0 0
973 0 0 80 0 100 0 -100
974 0 0 60 0 0 0 -80
975 0 0 100 0 0 0 -100
976 0 0 0 70 0 0 70
977 50 100 0 0 0 0 -100
978 0 0 0 0 70 0 -90
979 0 0 0 100 0 0 100
980 0 0 0 0 0 0 0
981 0 0 0 0 0 100 80
982 0 0 0 0 0 0 0
983 0 0 80 0 100 0 -100
984 0 0 0 0 80 0 -100
985 0 0 0 100 0 0 100
986 0 0 0 100 0 0 100
987 0 0 80 0 0 0 -80
988 0 0 0 100 0 0 100
989 0 0 0 0 0 0 0
990 0 0 0 0 0 100 0
991 0 0 80 0 0 0 -90
992 0 0 0 100 0 0 90
993 0 0 0 0 0 100 0
994 0 0 80 0 100 0 -100
995 0 0 0 100 0 0 90
996 0 0 0 0 0 0 0
997 0 0 0 100 0 0 100
998 0 0 0 0 0 0 0
999 0 0 0 100 0 0 100
1000 0 0 100 0 0 0 -100
1001 0 0 0 0 0 100 0
1002 0 0 0 100 0 0 100
1003 100 0 0 0 0 0 -100
1004 0 0 100 0 0 0 -70
1005 0 0 100 0 0 0 -80
1006 0 0 100 0 0 0 -100
1007 0 0 100 0 0 0 -100
1008 0 0 0 0 0 0 0
1009 0 0 80 0 100 0 -100
1010 0 0 100 0 0 0 -100
1011 70 0 100 0 0 0 -90
1012 0 0 100 0 0 0 -100
1013 0 0 0 100 0 0 100
1014 0 0 80 0 0 0 -90
1015 0 0 0 100 0 0 100
1016 0 0 0 100 0 0 100
1017 0 0 80 0 0 0 -80
1018 0 0 100 0 0 0 -90
1019 0 0 0 0 0 70 0
1020 0 0 0 50 0 60 0
1021 0 0 0 0 0 0 0
1022 0 0 0 50 0 50 0
1023 0 0 0 100 0 0 100
1024 0 0 0 50 0 60 0
1025 0 0 0 50 0 100 60
1026 0 0 0 0 0 0 0
1027 0 0 0 0 0 100 0
1028 0 0 0 0 0 100 0
1029 0 100 0 0 0 0 -60
1030 0 0 0 100 0 0 100
1031 0 0 0 60 0 0 60
1032 0 0 100 0 50 0 -100
1033 0 0 60 80 0 0 60
1034 0 0 100 0 0 0 -100
1035 60 0 70 0 0 0 -60
1036 0 0 0 0 0 0 0
1037 0 0 0 100 0 0 100
1038 0 0 100 0 0 0 -80
1039 0 0 80 0 100 0 -100
1040 0 0 80 0 100 0 -100
1041 0 0 80 0 0 0 -80
1042 0 0 0 50 70 0 -50
1043 0 0 70 0 50 0 -60
1044 0 0 0 80 0 0 70
1045 0 0 0 0 70 0 -70
1046 0 0 50 100 0 0 70
1047 0 100 0 0 0 0 -60
1048 0 0 0 100 0 0 100
1049 80 0 0 0 60 0 -50
1050 0 100 0 0 0 0 -80
1051 100 0 0 0 0 0 -80
1052 0 0 0 80 0 0 70
1053 0 0 0 0 0 0 0
1054 0 0 0 70 0 0 50
1055 0 0 0 0 0 0 0
1056 0 0 0 50 0 0 0
1057 0 0 100 0 0 0 -90
1058 0 0 70 50 0 0 50
1059 0 0 90 0 0 0 -90
1060 0 100 80 0 0 0 -90
1061 0 0 0 100 0 0 100
1062 70 0 0 0 50 0 -80
1063 0 0 50 0 60 0 -70
1064 0 0 0 0 0 0 0
1065 0 0 0 0 0 100 0
1066 0 0 0 0 0 0 0
1067 0 0 0 50 0 60 50
1068 0 0 0 100 0 50 50
1069 0 0 0 0 100 0 -100
1070 0 0 0 0 100 0 -100
1071 0 0 0 100 0 0 100
1072 0 0 0 100 0 0 100
1073 0 0 0 80 0 0 80
1074 0 0 0 100 0 0 100
1075 0 0 0 80 0 0 80
1076 0 0 70 0 90 0 -100
1077 0 0 0 100 0 0 100
1078 60 0 80 0 60 0 -100
1079 0 0 0 0 0 60 0
1080 0 0 0 0 0 60 0
1081 0 0 0 100 0 0 100
1082 0 0 0 0 0 0 0
1083 0 0 0 80 0 0 70
1084 0 0 0 100 0 0 100
1085 0 0 0 100 0 0 100
1086 0 0 100 0 0 0 -100
1087 0 0 60 90 0 0 80
1088 0 0 60 90 0 0 80
1089 0 0 0 0 0 100 0
1090 0 0 0 0 0 80 0
1091 0 0 0 0 0 0 0
1092 0 0 0 100 0 0 100
1093 0 0 90 60 0 0 -70
1094 0 0 100 0 0 0 -100
1095 0 0 0 0 0 100 0
1096 0 0 0 0 0 50 0
1097 0 0 100 0 0 0 -100
1098 0 0 0 0 0 0 0
1099 80 100 0 0 0 0 -100
1100 0 0 0 0 0 0 0
1101 0 0 80 0 0 0 -70
1102 0 0 80 0 0 0 -70
1103 0 0 0 100 0 0 100
1104 0 0 0 100 0 0 100
1105 0 0 50 70 0 0 0
1106 0 0 0 100 0 0 100
1107 0 0 70 0 0 0 0
1108 0 0 0 0 0 0 0
1109 0 0 0 100 0 0 100
1110 0 0 0 0 60 60 -70
1111 0 0 0 90 0 0 80
1112 0 0 0 80 0 0 80
1113 0 0 0 0 0 100 0
1114 0 0 0 50 0 50 50
1115 0 0 100 0 0 0 -100
1116 0 0 80 0 0 0 -80
1117 0 0 0 100 0 0 100
1118 0 0 0 90 0 50 80
1119 0 0 0 80 0 50 80
1120 80 0 80 0 0 0 -100
1121 0 0 0 90 0 50 100
1122 0 0 0 0 0 0 0
1123 0 100 70 0 0 0 -80
1124 0 100 0 0 0 0 -80
1125 0 0 0 0 0 0 0
1126 0 0 0 0 0 0 0
1127 0 0 0 80 0 0 80
1128 0 0 0 90 0 0 90
1129 0 0 0 0 50 100 -80
1130 0 0 0 60 0 0 60
1131 0 0 0 70 0 50 60
1132 0 0 0 100 0 0 100
1133 0 0 0 100 0 0 100
1134 0 0 0 0 70 0 -100
1135 0 0 0 100 0 0 100
1136 100 0 0 0 0 0 -100
1137 0 0 0 100 0 0 100
1138 0 0 0 0 0 0 0
1139 0 0 0 80 0 0 80
1140 0 0 0 0 0 0 0
1141 0 0 50 0 0 50 0
1142 0 0 0 0 0 0 0
1143 0 0 0 0 80 0 -100
1144 0 0 0 80 0 50 60
1145 0 0 0 50 0 0 50
1146 0 0 0 0 0 0 0
1147 0 0 0 100 0 0 100
1148 0 0 0 0 0 0 0
1149 0 0 0 0 0 50 0
1150 0 0 0 0 70 0 -70
1151 0 0 0 100 0 0 100
1152 0 0 0 80 0 0 80
1153 0 0 0 100 0 0 90
1154 0 0 0 100 0 60 70
1155 0 0 0 100 0 0 90
1156 0 0 0 0 0 100 0
1157 0 0 80 0 0 60 -80
1158 0 0 0 0 0 0 0
1159 0 0 100 0 0 0 -100
1160 0 0 90 0 0 0 -100
1161 0 0 0 0 100 0 -100
1162 0 0 0 70 0 0 60
1163 0 0 0 100 0 0 80
1164 0 0 0 100 0 0 100
1165 0 80 0 0 80 50 -80
1166 0 0 0 100 0 0 100
1167 0 0 0 0 0 100 0
1168 70 0 50 0 0 0 -60
1169 0 0 0 0 0 0 0
1170 0 0 0 100 0 0 80
1171 0 0 0 90 0 0 80
1172 0 0 0 90 0 0 80
1173 0 0 80 0 80 0 -100
1174 0 0 0 50 50 0 0
1175 0 0 0 0 100 0 -100
1176 0 0 0 80 0 0 80
1177 0 0 0 0 0 0 0
1178 0 0 50 60 0 0 0
1179 0 0 0 100 0 0 100
1180 0 0 0 0 0 0 0
1181 0 50 0 0 0 50 -50
1182 0 0 0 0 50 0 -60
1183 50 0 0 0 50 0 -70
1184 0 0 0 0 0 50 0
1185 0 0 100 0 0 0 -100
1186 0 0 0 0 0 100 0
1187 0 0 0 0 0 100 0
1188 0 0 0 80 0 0 60
1189 0 0 0 100 0 0 80
1190 0 0 0 100 0 0 70
1191 0 0 100 0 0 0 -100
1192 0 0 0 0 0 100 0
1193 0 0 0 0 0 100 0
1194 0 0 0 100 0 0 100
1195 0 0 0 80 0 0 80
1196 0 0 0 0 0 0 0
1197 0 0 0 70 0 0 70
1198 0 0 0 0 0 100 0
1199 0 0 0 0 0 50 0
1200 0 0 0 80 0 0 70
1201 0 0 100 0 0 0 -100
1202 0 0 0 100 0 0 100
1203 0 0 50 80 0 50 0
1204 0 0 0 0 100 0 -100
1205 0 0 0 100 0 0 100
1206 0 0 0 100 0 0 100
1207 0 0 0 0 80 0 -80
1208 0 0 0 100 0 0 100
1209 0 0 80 0 0 0 -80
1210 0 0 0 100 0 0 100
1211 0 0 0 100 0 0 100
1212 0 0 100 0 0 0 -100
1213 0 0 0 0 0 0 0
1214 0 0 0 50 0 0 60
1215 0 0 0 100 0 0 100
1216 0 0 80 0 70 0 -100
1217 0 0 0 0 0 0 0
1218 0 0 0 100 0 60 90
1219 0 0 0 100 0 0 100
1220 0 0 0 0 70 0 -80
1221 0 0 0 60 0 0 -60
1222 80 0 60 0 0 0 -100
1223 0 0 0 100 0 0 100
1224 0 0 0 100 0 0 100
1225 0 0 0 100 0 0 100
1226 0 0 0 100 0 0 100
1227 0 0 0 0 0 100 0
1228 0 0 70 0 70 0 -100
1229 0 0 0 0 70 0 -80
1230 0 0 0 100 0 0 90
1231 0 0 0 100 0 0 100
1232 0 0 0 90 0 0 0
1233 0 0 0 100 0 0 80
1234 0 0 100 0 0 0 -90
1235 0 0 0 0 0 100 -100
1236 0 0 0 100 0 60 100
1237 0 0 0 0 0 60 0
1238 0 0 0 70 0 50 60
1239 0 0 0 0 0 0 0
1240 0 0 0 0 70 0 -70
1241 0 0 0 0 0 0 0
1242 0 100 0 0 0 0 0
1243 0 0 0 0 0 0 0
1244 0 0 0 0 50 0 -60
1245 0 0 0 0 0 100 0
1246 0 0 0 100 0 0 100
1247 0 0 0 0 0 100 0
1248 0 0 0 100 0 0 100
1249 0 80 0 0 0 0 -90
1250 0 0 0 0 100 0 -100
1251 0 0 0 100 0 0 100
1252 0 0 0 80 50 0 80
1253 0 0 0 0 100 0 -100
1254 0 0 60 90 0 0 80
1255 0 0 0 0 0 0 0
1256 0 0 100 0 0 0 -80
1257 0 0 100 0 0 0 -100
1258 0 0 80 0 100 0 -100
1259 0 0 0 0 0 0 0
1260 0 0 100 0 0 0 -100
1261 0 0 0 0 60 0 -70
1262 0 0 0 0 0 0 0
1263 0 0 0 80 0 0 70
1264 0 0 0 0 60 0 -60
1265 0 0 0 100 0 0 100
1266 0 0 100 0 0 0 -100
1267 0 0 0 100 0 0 90
1268 0 0 0 50 50 0 0
1269 0 0 0 80 0 60 50
1270 0 0 0 100 0 0 90
1271 0 0 0 80 0 0 80
1272 0 0 0 70 0 100 80
1273 0 0 0 80 0 0 70
1274 0 0 0 0 0 0 0
1275 0 0 70 0 90 0 -100
1276 0 0 0 100 0 0 100
1277 0 0 0 0 0 0 0
1278 0 0 0 0 90 0 -100
1279 0 0 0 90 0 60 90
1280 0 0 0 0 70 50 -80
1281 0 0 0 0 90 0 -100
1282 0 0 70 60 0 0 -60
1283 0 100 0 0 0 0 0
1284 0 0 0 100 0 0 100
1285 0 0 0 70 0 0 50
1286 0 0 0 0 70 0 -70
1287 0 0 0 0 0 100 0
1288 0 0 0 70 0 60 60
1289 0 0 0 100 0 0 100
1290 0 0 0 0 80 0 -80
1291 0 0 0 100 0 0 100
1292 100 0 0 0 0 0 -100
1293 0 0 0 0 60 0 -60
1294 0 0 0 0 0 0 0
1295 0 0 0 50 50 0 0
1296 0 0 0 0 0 70 0
1297 0 0 0 0 0 0 0
1298 0 0 0 100 0 0 90
1299 0 0 0 80 0 0 100
1300 0 0 0 0 70 50 -70
1301 0 0 0 0 70 0 -70
1302 0 0 0 100 0 0 100
1303 0 0 0 0 80 0 -80
1304 0 0 0 100 0 0 100
1305 0 0 80 0 100 0 -100
1306 0 0 0 0 80 0 -80
1307 0 0 0 0 0 100 0
1308 0 0 0 0 0 0 0
1309 0 0 80 0 100 0 -100
1310 0 0 0 0 0 80 -50
1311 0 100 0 0 0 0 -60
1312 0 0 0 80 0 0 0
1313 0 0 0 0 0 0 0
1314 0 0 0 100 0 0 90
1315 0 0 0 0 0 0 0
1316 0 0 0 0 80 0 -90
1317 0 0 0 0 0 100 0
1318 0 0 0 80 0 0 0
1319 0 0 0 0 80 0 -80
1320 0 0 0 0 70 0 -70
1321 0 0 0 0 70 0 -70
1322 0 0 0 100 0 0 80
1323 0 0 0 0 80 0 -90
1324 0 0 0 0 0 100 0
1325 0 0 0 80 0 0 60
1326 0 0 0 100 0 0 100
1327 0 0 60 80 0 0 0
1328 0 0 100 0 0 0 -100
1329 0 0 0 80 0 0 80
1330 0 0 0 80 0 0 80
1331 0 0 100 0 0 0 -100
1332 0 0 0 0 0 0 0
1333 0 0 0 100 0 0 100
1334 0 0 0 0 0 0 0
1335 0 0 0 100 0 0 100
1336 0 0 0 60 0 80 70
1337 0 0 0 0 0 0 0
1338 0 0 0 0 0 0 0
1339 0 0 0 90 0 0 80
1340 0 0 0 0 60 0 -60
1341 0 0 80 0 0 0 -80
1342 0 0 0 0 0 0 0
1343 0 0 70 0 0 0 -70
1344 100 0 0 0 0 0 -90
1345 0 0 90 0 0 0 -90
1346 0 0 80 0 100 0 -100
1347 0 0 0 0 80 0 -100
1348 0 0 0 100 0 0 90
1349 0 0 0 100 0 0 100
1350 0 0 0 0 0 0 0
1351 0 0 0 0 0 50 50
1352 0 0 100 0 0 0 -100
1353 0 0 0 0 50 50 -70
1354 0 0 0 0 0 0 0
1355 0 0 0 80 0 0 80
1356 0 0 0 70 0 0 60
1357 0 0 0 80 0 0 70
1358 0 0 100 0 0 0 -100
1359 0 0 0 50 0 0 50
1360 0 0 0 0 0 60 0
1361 0 0 0 100 0 0 100
1362 0 0 80 0 0 0 -90
1363 0 0 0 0 100 0 -100
1364 0 0 0 0 0 80 0
1365 0 0 0 0 0 0 0
1366 80 0 0 0 0 0 -80
1367 0 0 0 70 0 0 70
1368 0 0 0 60 0 0 60
1369 0 0 0 100 0 0 100
1370 0 0 0 100 0 0 100
1371 0 0 0 0 100 0 -100
1372 0 0 80 0 0 0 -70
1373 0 0 0 0 100 0 -100
1374 0 0 0 0 100 0 -100
1375 0 0 0 100 0 0 100
1376 0 0 0 0 0 0 0
1377 0 0 0 100 0 0 100
1378 0 0 0 0 100 0 -100
1379 0 0 0 0 70 0 -70
1380 80 0 0 80 0 0 -90
1381 0 0 100 0 0 0 -100
1382 0 0 0 80 0 0 80
1383 0 0 0 50 0 0 50
1384 0 0 0 0 0 0 0
1385 0 0 0 0 0 0 0
1386 50 0 0 0 60 0 -60
1387 0 0 0 0 60 0 -60
1388 0 0 0 0 80 0 -80
1389 0 0 0 0 80 0 -90
1390 0 0 0 100 0 0 100
1391 0 0 0 0 80 0 -80
1392 0 0 0 0 0 60 0
1393 0 0 0 0 70 0 -70
1394 0 0 0 60 0 50 80
1395 0 100 0 0 0 0 -100
1396 0 100 0 0 0 0 -90
1397 0 0 0 80 0 0 80
1398 0 0 0 80 0 0 80
1399 0 0 0 80 0 0 70
1400 0 0 0 0 0 0 0
1401 0 0 0 0 80 0 -80
1402 0 0 0 90 0 0 100
1403 0 0 0 0 100 0 -100
1404 0 0 0 100 0 0 100
1405 0 0 0 0 80 0 -100
1406 0 0 0 0 0 50 0
1407 0 0 0 90 0 0 100
1408 0 0 0 90 0 0 100
1409 0 0 0 0 0 0 0
1410 0 0 0 90 0 0 100
1411 0 0 0 100 0 0 100
1412 0 0 0 90 0 0 100
1413 0 0 0 80 0 0 100
1414 0 0 80 0 100 0 -100
1415 0 0 100 0 0 0 -100
1416 0 0 0 0 90 0 -100
1417 0 0 0 0 0 0 0
1418 0 0 0 60 0 0 60
1419 0 0 0 80 0 0 80
1420 0 0 0 0 0 0 0
1421 0 0 0 0 0 0 0
1422 0 0 60 0 0 0 -60
1423 0 0 0 70 0 0 70
1424 0 0 0 80 0 0 80
1425 0 0 0 0 70 0 -70
1426 0 0 0 0 0 0 0
1427 80 0 0 0 90 0 -100
1428 0 0 0 70 0 0 70
1429 0 0 0 80 0 0 80
1430 0 0 0 0 60 0 -70
1431 80 0 0 0 0 0 -100
1432 0 0 0 0 0 0 0
1433 0 0 0 90 0 50 100
1434 0 0 0 0 0 100 0
1435 0 0 0 60 0 90 80
1436 0 0 0 0 0 90 0
1437 0 0 0 100 0 0 100
1438 0 0 0 70 0 0 70
1439 0 0 80 0 0 0 -70
1440 0 0 0 0 70 0 -100
1441 0 0 0 0 80 0 -80
1442 0 0 0 0 0 100 -100
1443 0 0 0 0 50 0 -70
1444 0 0 0 90 0 0 80
1445 0 0 0 100 0 0 100
1446 0 0 0 0 0 0 0
1447 0 0 0 100 0 0 100
1448 0 0 0 80 60 0 90
1449 0 0 0 0 90 0 -80
1450 0 0 100 0 0 0 -100
1451 0 0 0 90 0 0 80
1452 0 0 0 0 0 0 0
1453 0 0 80 0 0 0 -70
1454 0 0 0 80 0 100 100
1455 0 100 0 0 0 0 -100
1456 0 0 0 80 0 0 70
1457 0 0 0 80 0 0 70
1458 0 0 0 100 0 0 100
1459 0 0 0 0 80 0 -90
1460 0 80 0 0 0 0 -60
1461 0 0 0 0 0 100 60
1462 0 0 0 0 0 0 0
1463 0 0 0 0 0 0 0
1464 0 0 0 100 0 0 100
1465 0 0 0 50 0 60 100
1466 0 0 0 0 50 0 0
1467 0 0 0 80 0 0 70
1468 0 0 0 0 0 0 0
1469 0 0 0 80 60 0 80
1470 0 0 0 0 0 70 0
1471 0 0 0 100 0 0 100
1472 0 80 0 0 0 0 -80
1473 0 0 0 80 0 50 100
1474 0 0 0 60 0 0 70
1475 0 0 0 90 0 0 80
1476 0 0 0 0 60 0 -70
1477 0 0 0 0 0 50 0
1478 0 0 0 0 50 70 -60
1479 0 0 0 0 0 80 0
1480 0 0 0 0 0 0 0
1481 70 0 80 0 0 0 -90
1482 0 0 80 0 0 60 -90
1483 0 0 0 90 0 0 90
1484 0 0 0 90 0 70 90
1485 0 0 0 0 70 0 -80
1486 0 0 0 0 100 0 -100
1487 0 0 0 100 0 0 100
1488 0 0 0 100 0 0 100
1489 0 0 0 0 60 0 -80
1490 100 0 0 0 0 0 -100
1491 0 0 0 0 100 0 -100
1492 0 0 0 0 100 0 -100
1493 0 0 0 100 0 0 100
1494 0 0 0 0 0 100 0
1495 0 0 0 0 70 0 -80
1496 0 0 0 0 90 50 -100
1497 0 0 0 100 0 0 100
1498 0 0 0 0 0 0 0
1499 0 0 0 100 0 0 100
