500 0 0 49 17 0 0 0
501 10 62 40 0 63 24 -89
502 0 0 0 44 0 0 53
503 0 0 0 35 0 0 32
504 5 0 0 0 13 0 -41
505 0 0 25 0 11 10 -35
506 0 0 0 0 0 43 0
507 0 0 0 26 0 0 12
508 0 0 0 0 0 24 0
509 19 36 0 0 21 0 -25
510 21 0 0 0 0 22 -30
511 0 0 0 30 0 22 51
512 7 0 0 0 0 12 -9
513 0 0 0 20 0 21 19
514 0 0 0 0 0 0 0
515 0 0 0 29 0 28 30
516 0 0 0 0 0 10 0
517 0 0 0 32 0 17 29
518 9 9 89 0 50 0 -85
519 0 9 0 30 0 51 18
520 0 0 0 0 0 0 0
521 55 0 0 0 0 0 -48
522 32 0 0 0 0 0 -33
523 11 0 0 0 0 0 -20
524 9 0 0 21 0 0 13
525 0 0 0 0 0 18 0
526 0 0 0 19 0 0 12
527 0 0 0 13 14 26 0
528 26 58 0 0 18 0 -28
529 0 0 0 0 0 22 0
530 0 0 0 32 0 0 45
531 0 0 0 25 0 33 23
532 0 0 0 0 0 28 20
533 14 31 59 0 0 0 -31
534 0 0 0 43 0 0 60
535 0 0 18 7 0 36 -17
536 0 0 0 0 19 0 -29
537 10 0 10 0 0 0 -32
538 0 0 0 32 0 0 48
539 23 0 0 0 0 25 -28
540 0 0 0 43 0 0 30
541 0 0 0 32 0 0 43
542 0 0 0 20 0 0 30
543 32 0 0 0 0 0 -41
544 0 0 0 0 0 22 0
545 0 36 24 0 0 0 -39
546 0 0 32 0 15 0 -28
547 0 0 0 0 0 26 0
548 36 0 0 0 0 0 -29
549 31 75 0 0 38 0 -80
550 21 0 0 0 0 0 -27
551 0 0 63 0 42 0 -85
552 0 0 0 35 36 0 28
553 0 0 0 0 14 0 -69
554 22 14 48 0 0 0 -65
555 42 0 0 0 0 0 -57
556 0 0 0 29 0 31 34
557 19 0 8 0 0 0 -29
558 20 19 31 0 27 0 -79
559 0 0 0 24 0 41 51
560 0 0 33 32 0 0 -8
561 27 0 0 0 0 0 -31
562 29 0 27 0 0 0 -56
563 26 0 38 0 0 0 -58
564 0 0 0 23 0 0 37
565 18 0 58 0 90 27 -87
566 0 0 0 50 0 20 53
567 0 0 0 34 0 0 33
568 20 20 47 0 60 0 -64
569 0 0 0 0 0 0 0
570 0 0 0 0 0 18 0
571 0 0 0 31 0 12 24
572 0 0 0 20 0 0 0
573 0 0 0 0 0 0 0
574 0 0 0 18 0 0 22
575 0 0 0 51 0 0 71
576 36 73 9 0 16 0 -75
577 20 0 33 0 24 0 -60
578 0 0 27 0 41 0 -55
579 30 0 0 0 0 0 -39
580 0 0 0 39 0 0 56
581 49 0 0 0 0 0 -61
582 41 0 31 0 28 0 -69
583 8 0 0 0 18 0 -18
584 0 0 36 0 0 37 -53
585 0 0 13 0 80 0 -70
586 0 0 0 52 0 0 72
587 0 0 0 17 0 0 45
588 0 0 0 9 0 33 0
589 45 20 0 0 0 0 -51
590 0 0 58 0 0 0 -61
591 28 0 74 0 0 0 -87
592 0 0 0 34 0 0 45
593 0 0 0 28 0 59 38
594 15 0 52 0 0 0 -57
595 0 0 57 0 0 0 -68
596 0 0 0 38 19 63 37
597 0 0 0 0 0 0 0
598 0 0 37 0 17 0 -40
599 0 0 0 32 0 12 38
600 0 0 0 38 0 69 56
601 0 0 21 0 0 36 -74
602 0 0 0 0 0 0 0
603 19 0 77 0 0 0 -82
604 0 0 0 16 0 0 56
605 14 0 0 0 78 0 -78
606 0 0 27 0 0 0 -79
607 0 0 0 20 0 0 81
608 0 0 0 0 84 0 -85
609 29 0 66 0 0 0 -84
610 23 20 65 0 33 0 -85
611 24 0 0 0 0 0 -59
612 0 0 0 19 0 0 35
613 27 0 0 0 0 0 -46
614 31 0 0 0 0 0 -68
615 17 81 45 0 72 0 -76
616 58 20 5 0 0 0 -76
617 24 0 0 0 0 0 -42
618 0 0 0 24 0 37 46
619 0 0 52 0 0 0 62
620 0 0 0 11 0 0 46
621 41 83 25 0 26 0 -74
622 0 0 0 0 0 0 0
623 0 0 0 12 0 0 61
624 22 0 11 0 11 0 -69
625 0 0 0 14 0 0 37
626 0 0 0 50 19 65 65
627 0 0 0 16 0 54 70
628 0 0 0 12 0 0 43
629 0 0 0 0 82 0 -81
630 0 0 0 0 0 30 32
631 0 0 0 54 0 40 72
632 0 14 0 29 0 0 54
633 0 0 0 7 0 0 27
634 0 0 19 8 0 0 37
635 0 0 0 21 8 0 19
636 45 20 9 0 0 40 -65
637 0 0 0 0 13 0 -41
638 0 0 0 0 0 0 0
639 32 0 0 0 0 0 -62
640 25 37 0 0 0 0 -67
641 16 0 0 0 0 0 -53
642 0 0 0 0 0 13 0
643 18 17 0 0 25 0 -54
644 15 75 0 0 15 0 -70
645 37 22 0 0 19 0 -68
646 30 0 56 0 0 0 -65
647 0 0 22 0 0 0 -44
648 0 0 68 0 0 0 -76
649 0 0 0 77 0 0 69
650 0 0 0 0 0 0 0
651 0 0 0 0 0 0 0
652 13 0 54 0 65 0 -79
653 0 0 0 74 0 0 69
654 0 0 0 73 0 0 66
655 52 0 0 0 0 0 -77
656 0 0 84 0 0 0 -78
657 17 0 75 0 0 0 -75
658 0 0 0 0 15 16 -37
659 61 0 0 0 0 0 -71
660 0 0 0 29 0 69 61
661 0 0 21 0 29 52 -53
662 71 70 0 0 43 0 -78
663 0 0 0 62 0 0 75
664 0 35 0 37 32 0 57
665 0 40 0 12 0 27 -55
666 0 0 0 73 0 0 71
667 0 0 41 16 0 0 -68
668 0 0 0 0 0 0 0
669 0 0 0 0 0 0 0
670 45 27 0 0 22 38 -78
671 50 8 35 0 13 37 -73
672 0 0 0 20 0 0 58
673 0 0 0 22 0 63 63
674 0 0 0 58 0 0 58
675 0 0 0 81 0 0 69
676 60 24 46 0 0 0 -74
677 17 0 12 0 43 0 -73
678 0 0 10 0 68 47 -74
679 28 51 46 0 32 8 -81
680 0 0 0 61 0 0 78
681 37 0 0 0 0 0 -65
682 0 0 0 0 0 0 0
683 30 34 81 0 26 0 -80
684 0 0 0 84 0 55 80
685 0 0 0 56 0 46 71
686 0 0 0 0 0 0 0
687 0 0 0 11 0 52 45
688 0 0 0 0 0 0 0
689 0 0 92 0 0 0 -80
690 33 66 0 10 32 0 -81
691 11 0 24 0 51 0 -68
692 0 0 0 0 63 0 -52
693 0 20 46 0 77 37 -81
694 0 0 0 0 40 0 -57
695 0 0 0 19 0 0 34
696 0 0 0 0 24 0 -70
697 29 0 77 0 14 0 -71
698 0 0 0 0 38 0 -58
699 0 0 0 0 0 59 0
700 0 0 0 0 0 0 0
701 64 0 30 0 0 0 -82
702 0 0 0 57 0 0 58
703 0 0 0 47 0 0 73
704 0 0 0 21 0 0 47
705 0 0 0 19 0 0 18
706 49 0 60 0 32 0 -70
707 0 0 0 0 0 0 0
708 40 20 62 0 45 0 -78
709 0 0 42 0 81 0 -81
710 0 0 0 0 0 0 0
711 0 0 0 0 0 0 0
712 0 0 0 0 79 6 -79
713 0 0 0 0 78 0 -78
714 0 0 10 68 0 0 65
715 0 0 0 0 0 0 0
716 63 75 0 0 0 0 -80
717 0 0 20 0 0 0 -34
718 0 11 0 0 49 0 -66
719 0 0 0 0 60 0 -70
720 0 0 0 18 0 47 42
721 0 0 0 0 0 0 0
722 0 0 0 9 0 27 36
723 0 0 59 0 30 0 -73
724 20 70 61 0 78 19 -83
725 0 0 0 0 0 0 0
726 0 0 0 0 70 0 -67
727 0 0 0 0 73 18 -62
728 19 0 0 0 0 0 41
729 0 0 0 10 0 0 33
730 0 0 0 65 0 0 74
731 0 0 0 0 0 0 0
732 19 40 0 0 0 16 -58
733 0 0 0 0 0 0 0
734 0 0 71 0 0 0 -76
735 0 0 0 85 0 0 93
736 0 0 0 0 66 0 -66
737 0 0 0 70 0 0 78
738 23 22 0 0 0 0 -58
739 0 0 0 29 0 45 61
740 0 15 31 0 17 0 -61
741 0 0 0 20 0 35 28
742 0 0 56 0 71 0 -85
743 0 0 0 20 0 56 68
744 0 0 71 0 18 0 -70
745 0 0 10 0 0 0 0
746 0 0 0 46 0 0 60
747 0 15 0 0 26 22 -28
748 0 0 0 0 0 0 0
749 0 0 0 0 0 46 0
750 0 0 0 8 0 0 28
751 0 0 0 10 0 0 23
752 0 0 0 0 37 60 -51
753 18 14 20 40 22 0 34
754 0 41 51 0 59 0 -87
755 0 0 0 0 35 0 -31
756 0 0 0 0 40 0 -36
757 49 77 36 0 37 0 -82
758 0 0 60 0 43 0 -81
759 0 0 0 65 0 0 75
760 0 0 0 59 0 0 69
761 0 0 0 0 72 0 -83
762 0 0 0 7 0 0 38
763 0 0 0 0 0 0 0
764 0 0 0 5 0 0 64
765 0 0 10 31 0 0 56
766 0 0 23 0 69 17 -80
767 0 48 50 0 0 13 -81
768 0 0 0 8 0 0 67
769 0 0 0 0 0 0 0
770 0 0 22 0 0 0 -62
771 0 0 39 0 0 12 -65
772 0 0 0 19 0 0 67
773 0 0 0 0 64 0 -69
774 12 0 50 0 0 0 -41
775 0 0 0 0 0 0 0
776 0 0 0 0 0 0 0
777 0 0 0 63 0 0 80
778 0 79 49 0 59 0 -86
779 0 0 83 0 0 0 -70
780 0 0 0 8 0 0 23
781 0 24 0 0 16 0 -46
782 39 0 0 0 11 8 -80
783 0 0 0 46 0 0 73
784 0 0 42 0 0 0 -26
785 0 0 9 8 0 0 25
786 20 19 0 0 0 0 -33
787 0 0 0 17 0 0 39
788 0 0 0 0 38 0 -62
789 28 58 26 0 51 0 -82
790 0 0 76 0 0 0 -84
791 19 0 19 0 35 0 -70
792 0 0 81 0 0 0 -81
793 19 7 0 0 35 0 -51
794 0 0 0 14 7 0 15
795 6 0 0 0 11 0 -21
796 0 0 0 0 0 0 0
797 0 0 0 9 0 0 32
798 0 0 0 0 0 0 0
799 0 0 12 19 0 0 37
800 0 0 24 51 0 0 44
801 11 0 0 0 0 0 -49
802 0 0 0 0 0 0 0
803 7 0 0 10 0 0 17
804 52 0 0 0 0 0 -58
805 0 0 6 0 0 0 -28
806 0 0 73 0 71 12 -85
807 0 0 0 65 0 0 71
808 36 30 0 0 39 35 -68
809 0 0 0 43 0 44 74
810 0 0 0 0 56 0 -76
811 0 0 0 0 44 0 -74
812 0 0 0 0 44 0 -64
813 20 0 61 0 0 0 -78
814 0 0 6 6 0 0 37
815 24 0 0 0 0 0 -68
816 12 0 13 0 56 0 -69
817 0 0 0 0 74 0 -78
818 0 20 0 0 55 0 -82
819 64 5 0 0 10 0 -76
820 0 0 0 0 0 0 0
821 0 0 8 0 0 0 -15
822 25 0 0 0 0 0 -62
823 0 0 0 0 0 0 0
824 0 0 0 4 0 0 18
825 0 0 8 0 0 0 -27
826 0 7 0 14 0 0 73
827 0 0 0 0 0 0 -2
828 0 0 84 0 0 0 -78
829 0 0 0 61 11 0 35
830 0 0 0 0 73 0 -79
831 0 0 0 71 0 0 81
832 7 0 15 0 0 0 -30
833 9 0 0 0 18 0 -58
834 20 10 0 0 61 0 -84
835 0 0 0 86 0 0 91
836 0 0 0 0 67 0 -60
837 0 0 0 13 0 0 68
838 0 0 0 10 0 0 18
839 0 0 0 26 0 0 34
840 0 0 0 0 19 21 -27
841 0 0 0 0 12 0 -40
842 7 0 19 0 19 21 -39
843 17 0 0 0 0 10 -59
844 19 0 0 0 0 11 -40
845 16 0 19 0 0 0 -50
846 0 0 0 0 13 0 -65
847 0 8 0 35 0 0 78
848 0 0 0 7 0 0 22
849 0 0 0 0 0 0 0
850 35 0 0 0 0 0 -77
851 0 14 60 0 0 0 -73
852 0 0 10 35 0 0 32
853 0 0 0 15 0 0 72
854 0 0 0 5 0 0 25
855 8 0 0 0 0 0 -41
856 0 0 0 0 71 0 -73
857 11 0 0 4 0 0 18
858 0 0 0 17 0 0 77
859 0 0 0 9 0 0 76
860 0 0 0 8 0 0 64
861 13 10 0 0 0 0 -59
862 12 0 42 0 0 0 -75
863 0 0 0 0 0 0 0
864 7 7 53 0 5 0 -19
865 27 60 5 0 61 0 -79
866 0 0 0 77 0 0 89
867 9 0 86 0 7 0 -84
868 0 5 3 0 41 0 -84
869 0 0 6 12 0 0 77
870 0 0 16 0 75 0 -91
871 11 9 30 0 73 0 -84
872 9 0 9 0 0 0 -11
873 0 0 0 0 0 0 0
874 0 0 0 0 0 0 0
875 0 0 0 0 0 0 0
876 0 0 8 0 0 0 -19
877 0 0 14 35 0 0 60
878 0 0 0 14 0 0 26
879 0 10 0 9 0 0 64
880 20 15 16 0 50 0 -70
881 0 15 0 0 23 0 -50
882 0 0 0 0 66 0 -77
883 0 0 0 52 0 0 59
884 0 0 0 5 0 0 32
885 0 0 57 0 0 0 -72
886 0 0 34 0 34 0 -61
887 0 0 13 0 69 0 -77
888 24 23 14 0 67 0 -80
889 0 0 12 0 56 0 -77
890 0 0 0 8 0 0 27
891 35 0 0 0 0 0 -66
892 0 0 0 8 0 0 61
893 0 0 0 44 14 0 45
894 0 0 0 9 0 0 55
895 57 0 8 0 0 0 -67
896 0 0 11 0 57 0 -76
897 22 12 42 0 0 0 -74
898 0 0 80 0 18 0 -76
899 0 0 0 10 0 0 75
900 0 0 0 0 4 0 -21
901 0 0 0 0 0 0 0
902 0 0 0 0 7 0 -14
903 10 0 59 0 0 0 -76
904 0 0 0 6 0 0 16
905 7 0 0 0 11 42 -19
906 0 0 0 0 26 0 -67
907 0 0 0 0 0 0 0
908 0 0 0 19 20 0 32
909 0 8 0 63 0 0 79
910 6 0 0 0 0 0 -12
911 42 0 13 0 0 0 -78
912 31 0 0 0 0 0 -48
913 0 0 0 67 0 0 86
914 0 0 7 0 32 0 -74
915 0 0 7 0 37 0 -75
916 0 0 0 0 0 0 0
917 0 0 7 0 54 0 -68
918 0 0 0 0 0 0 0
919 0 0 0 10 0 0 60
920 12 0 19 0 62 0 -83
921 19 0 19 0 64 0 -82
922 7 0 0 10 0 0 55
923 0 0 0 10 0 0 34
924 0 0 0 23 0 0 82
925 0 0 32 0 32 0 -82
926 0 0 0 6 0 32 70
927 0 5 0 28 0 0 78
928 0 0 0 0 0 0 0
929 0 0 0 0 11 0 -48
930 0 0 0 8 0 0 60
931 0 0 0 7 0 0 59
932 0 0 0 71 34 0 63
933 0 0 33 0 0 0 -50
934 0 0 0 65 0 0 63
935 0 0 75 0 26 0 -75
936 0 0 0 29 13 4 54
937 0 0 0 0 37 0 -67
938 0 0 0 20 0 0 65
939 5 0 54 0 10 0 -64
940 9 0 87 0 10 0 -78
941 0 0 0 0 0 0 0
942 0 0 0 0 56 0 -77
943 19 0 0 0 72 0 -57
944 0 0 0 0 76 0 -65
945 0 0 0 0 44 0 -53
946 0 0 0 11 0 0 77
947 0 0 0 15 0 0 58
948 0 0 0 56 0 0 68
949 0 52 58 0 12 43 -45
950 0 0 0 9 0 0 57
951 0 8 0 47 0 0 80
952 0 0 0 0 0 0 0
953 0 0 0 8 0 0 80
954 0 0 0 0 0 0 0
955 0 0 0 0 0 0 0
956 0 0 0 7 0 0 79
957 0 0 21 0 39 0 78
958 22 22 0 0 0 30 -68
959 0 0 0 18 0 0 79
960 0 0 0 65 0 0 87
961 0 0 0 74 0 0 85
962 0 0 0 0 0 0 0
963 0 0 0 0 0 0 0
964 0 0 20 11 7 0 -27
965 26 0 23 0 0 0 -79
966 0 0 0 0 11 0 -26
967 0 0 0 76 0 0 88
968 44 0 0 6 0 0 29
969 0 0 0 0 0 0 0
970 0 0 84 0 0 0 -27
971 0 0 0 0 0 0 0
972 0 0 0 0 0 0 0
973 12 0 51 0 68 0 -80
974 28 0 0 0 0 0 -22
975 0 0 59 0 15 0 -75
976 0 0 15 68 0 0 86
977 15 17 0 0 37 0 -60
978 0 0 0 0 37 16 -24
979 0 0 0 0 0 0 0
980 0 0 0 0 0 0 0
981 0 0 0 6 0 0 25
982 0 0 0 0 0 0 0
983 0 0 11 0 63 0 -58
984 0 0 0 0 73 0 -70
985 0 0 0 0 0 0 0
986 0 0 0 39 0 13 84
987 11 0 0 0 0 0 -25
988 0 0 0 87 0 0 83
989 58 71 5 0 15 29 -82
990 13 0 6 0 0 19 -36
991 0 0 23 0 28 0 -38
992 0 0 0 27 0 0 71
993 0 11 0 58 0 14 64
994 0 0 29 0 66 0 -81
995 0 0 0 33 0 0 59
996 0 0 0 0 0 0 0
997 0 0 0 10 0 0 52
998 0 0 0 0 0 0 0
999 0 0 0 70 0 0 83
1000 0 0 63 0 0 0 -71
1001 0 0 0 0 0 0 11
1002 0 0 0 6 0 0 31
1003 15 0 0 0 0 0 13
1004 0 0 7 0 0 0 -11
1005 13 0 74 0 24 11 -81
1006 4 2 70 0 17 0 -80
1007 0 0 71 0 0 0 -83
1008 18 13 0 0 7 0 -52
1009 15 0 35 0 74 0 -87
1010 0 0 53 0 0 0 -60
1011 0 4 0 7 0 0 21
1012 0 0 14 0 0 0 -22
1013 0 0 0 6 0 0 56
1014 0 0 29 0 0 0 -25
1015 0 0 0 4 0 0 30
1016 0 0 0 6 0 0 28
1017 0 0 0 0 0 0 -11
1018 0 12 6 0 20 0 -40
1019 0 0 40 0 58 32 -75
1020 0 0 0 0 0 35 35
1021 0 0 0 0 0 17 0
1022 0 0 0 0 0 0 0
1023 0 0 0 5 0 0 14
1024 0 0 0 0 0 0 0
1025 0 0 4 0 0 0 -7
1026 0 0 8 0 14 0 -26
1027 0 0 0 0 0 35 20
1028 0 0 0 0 0 35 26
1029 0 0 45 0 39 0 -70
1030 0 0 0 10 0 5 38
1031 0 0 0 0 41 0 -41
1032 38 0 0 0 0 0 -50
1033 0 0 0 8 0 32 44
1034 0 0 66 0 0 0 -70
1035 0 0 72 0 0 0 -70
1036 0 0 0 0 0 0 0
1037 0 0 8 0 0 0 -17
1038 0 0 17 0 0 0 -36
1039 0 0 0 0 53 0 -67
1040 9 0 6 0 67 0 -77
1041 17 17 25 0 13 20 -70
1042 0 0 0 0 9 0 -24
1043 0 0 0 0 5 28 -40
1044 0 0 0 0 10 16 -21
1045 0 0 0 0 7 0 -13
1046 0 0 0 0 10 0 -24
1047 0 0 0 0 8 0 -24
1048 0 0 14 0 0 0 -18
1049 35 33 0 0 38 0 -64
1050 3 0 0 0 0 0 -25
1051 0 0 13 0 0 0 -20
1052 0 0 6 5 0 0 6
1053 0 0 0 0 0 0 7
1054 0 0 0 6 0 0 33
1055 0 0 0 4 0 0 12
1056 7 4 0 13 10 0 18
1057 0 0 10 0 0 0 -23
1058 0 0 38 0 0 0 -55
1059 0 0 0 0 0 0 0
1060 0 0 11 8 0 0 7
1061 7 0 9 0 0 0 -19
1062 10 0 5 0 13 0 -49
1063 0 0 0 0 10 0 -24
1064 0 0 14 0 0 0 -22
1065 0 0 0 0 22 24 -37
1066 0 0 20 0 0 0 -18
1067 0 0 0 7 0 0 25
1068 0 0 0 8 0 0 33
1069 0 0 29 0 54 9 -73
1070 0 0 12 0 64 0 -82
1071 0 0 0 9 0 0 21
1072 0 0 0 7 0 0 23
1073 0 0 0 0 0 0 9
1074 6 0 22 0 0 0 -41
1075 0 0 8 0 0 0 -30
1076 0 0 0 0 41 0 -74
1077 0 0 0 6 0 0 21
1078 0 0 17 0 24 17 -51
1079 0 0 14 6 14 29 -17
1080 0 0 10 9 8 0 20
1081 0 0 0 13 0 0 40
1082 0 0 68 0 0 0 -82
1083 0 0 74 0 0 0 -70
1084 0 0 0 10 0 0 30
1085 0 0 0 8 0 0 27
1086 0 0 31 0 0 0 -25
1087 0 0 15 0 0 0 -21
1088 0 0 15 0 0 0 -25
1089 0 0 0 0 0 0 0
1090 0 0 6 11 0 7 28
1091 0 0 6 20 0 0 21
1092 0 0 0 12 0 46 41
1093 0 0 57 0 17 0 -35
1094 0 0 33 0 7 0 -39
1095 0 0 0 0 35 0 -43
1096 0 0 3 0 30 0 -58
1097 0 0 9 0 0 0 -15
1098 0 0 0 0 8 0 -13
1099 8 20 0 0 31 0 -41
1100 0 0 0 0 0 20 -33
1101 0 0 45 0 0 0 -51
1102 0 0 8 8 0 0 9
1103 0 0 7 13 0 0 26
1104 0 0 0 28 0 0 59
1105 0 0 0 12 0 0 58
1106 0 0 0 19 0 0 69
1107 0 0 7 0 0 0 -24
1108 0 0 23 0 0 0 -38
1109 0 0 0 28 0 0 66
1110 15 0 0 0 31 31 -41
1111 0 0 55 0 0 0 -52
1112 0 0 0 0 0 31 0
1113 0 0 0 11 0 0 50
1114 0 0 0 6 0 0 22
1115 0 0 10 0 0 17 -17
1116 0 0 58 0 0 0 -68
1117 0 0 0 36 0 0 68
1118 0 0 0 35 0 0 73
1119 0 0 0 33 0 0 70
1120 10 9 0 30 10 0 19
1121 0 0 0 37 0 0 70
1122 0 0 0 0 17 0 -30
1123 29 0 0 0 0 0 -53
1124 10 0 0 0 37 0 -46
1125 0 0 45 0 0 0 -23
1126 0 0 0 0 0 0 0
1127 0 0 0 0 0 10 20
1128 0 0 0 7 0 0 54
1129 0 0 0 10 0 0 21
1130 0 0 0 8 7 0 22
1131 0 0 0 17 0 0 69
1132 0 0 0 8 0 0 56
1133 0 0 0 5 0 0 57
1134 0 0 0 0 0 0 0
1135 0 0 0 17 5 0 61
1136 10 0 19 0 20 0 -36
1137 0 0 0 8 0 0 27
1138 0 0 0 0 13 0 -18
1139 0 0 0 7 0 0 25
1140 0 0 0 0 0 0 0
1141 0 10 0 0 16 0 -25
1142 0 0 0 0 37 0 -68
1143 0 0 0 0 6 0 -17
1144 8 0 0 7 7 0 -15
1145 0 0 0 0 0 0 0
1146 0 0 0 0 0 6 18
1147 0 0 0 0 0 0 0
1148 0 0 0 0 9 33 -15
1149 0 0 0 0 0 33 13
1150 0 0 0 10 8 0 13
1151 0 0 0 14 0 0 73
1152 0 0 0 9 0 0 42
1153 0 0 0 10 0 61 38
1154 0 0 0 13 0 0 66
1155 0 0 0 0 0 50 16
1156 0 0 0 0 54 53 -68
1157 0 0 0 0 7 0 -20
1158 0 0 8 0 0 0 -11
1159 0 0 14 0 40 0 -64
1160 4 0 5 0 46 0 -75
1161 0 0 4 0 55 0 -79
1162 0 0 0 13 0 0 58
1163 0 0 0 29 0 0 77
1164 0 0 0 25 0 0 73
1165 12 12 0 0 13 0 -18
1166 0 0 0 14 0 0 66
1167 0 0 0 8 0 0 52
1168 11 0 22 0 28 0 -62
1169 0 0 0 0 0 32 0
1170 0 0 0 7 0 0 18
1171 0 0 0 4 0 13 20
1172 0 0 0 10 0 0 51
1173 0 0 19 0 36 53 -75
1174 0 0 0 0 0 45 0
1175 0 0 0 0 50 0 -78
1176 0 0 0 5 0 21 13
1177 0 0 0 0 0 0 0
1178 7 0 34 0 11 0 -30
1179 0 0 7 26 0 0 29
1180 0 0 0 0 69 0 -48
1181 0 0 0 8 0 0 31
1182 0 0 65 0 20 0 -55
1183 0 0 0 0 0 0 0
1184 0 0 0 8 0 0 27
1185 0 0 14 0 0 27 -14
1186 0 0 0 6 0 0 23
1187 49 0 0 0 0 0 -65
1188 0 0 0 0 0 28 0
1189 10 0 9 0 0 0 -12
1190 0 0 0 0 0 26 0
1191 0 0 8 0 35 0 -48
1192 0 0 0 0 0 41 23
1193 20 31 9 0 20 24 -63
1194 0 0 0 4 0 0 40
1195 0 0 0 3 0 0 11
1196 0 0 0 0 0 0 0
1197 0 0 0 0 0 0 0
1198 0 0 0 4 0 0 9
1199 0 0 0 0 15 3 -18
1200 0 0 0 0 0 0 3
1201 0 0 0 0 0 0 0
1202 0 0 12 0 0 0 -42
1203 0 0 0 9 8 0 50
1204 0 0 10 0 50 7 -83
1205 0 0 0 16 0 0 62
1206 0 0 0 9 0 0 42
1207 18 0 6 0 45 0 -58
1208 0 0 0 6 0 0 60
1209 13 5 0 0 29 0 -52
1210 0 0 0 0 0 0 0
1211 0 0 0 7 0 0 45
1212 18 0 8 0 0 0 -14
1213 0 0 0 0 0 0 0
1214 0 0 0 12 0 0 46
1215 0 0 0 14 0 0 58
1216 0 0 16 0 49 0 -80
1217 0 0 0 0 0 14 0
1218 0 0 0 0 0 37 49
1219 0 0 0 0 33 0 -41
1220 0 0 9 0 46 14 -58
1221 0 0 0 0 0 0 0
1222 23 24 13 0 58 0 -42
1223 0 0 0 36 10 0 57
1224 0 0 0 0 16 0 -24
1225 0 0 0 8 0 0 26
1226 0 0 0 13 0 0 45
1227 0 0 0 10 0 0 52
1228 0 0 38 0 0 22 -66
1229 0 0 0 0 11 28 -27
1230 0 0 0 0 0 0 0
1231 0 0 0 4 0 11 42
1232 0 0 0 0 0 0 0
1233 0 0 0 11 0 0 55
1234 6 0 40 0 0 0 -65
1235 15 7 15 0 28 0 -53
1236 0 0 0 11 0 0 55
1237 0 0 0 0 0 0 0
1238 0 0 0 5 0 12 21
1239 0 0 0 4 0 9 31
1240 0 0 21 0 0 0 -60
1241 0 0 3 0 4 0 -10
1242 7 0 0 26 0 0 32
1243 0 0 11 0 0 0 -24
1244 0 0 0 0 14 0 -18
1245 0 0 0 0 0 28 0
1246 0 0 0 9 0 0 31
1247 0 0 0 11 0 0 41
1248 0 0 0 0 4 14 -10
1249 0 0 0 0 0 18 0
1250 0 0 26 0 41 0 -68
1251 0 0 0 22 0 0 67
1252 0 0 14 0 0 0 -39
1253 30 32 0 0 20 40 -49
1254 0 0 32 0 20 0 -38
1255 0 0 8 0 0 0 -12
1256 9 15 0 0 0 0 -41
1257 0 0 0 0 12 0 -57
1258 0 7 12 0 44 0 -82
1259 0 0 0 7 0 0 38
1260 0 0 0 0 0 31 0
1261 0 0 0 0 56 0 -47
1262 0 0 0 0 0 0 0
1263 0 0 0 5 0 0 25
1264 19 0 0 0 0 0 -35
1265 0 0 0 12 0 0 54
1266 0 0 37 0 0 0 -45
1267 0 0 0 18 0 0 49
1268 12 0 11 0 15 0 -28
1269 0 0 6 13 0 0 16
1270 0 0 0 0 0 0 0
1271 0 0 0 0 0 24 0
1272 0 0 0 0 0 28 0
1273 0 0 0 0 0 0 0
1274 0 0 0 15 0 0 60
1275 0 0 11 0 33 0 -47
1276 0 0 0 0 0 12 22
1277 0 0 0 13 0 0 61
1278 0 0 8 0 31 9 -52
1279 0 0 0 13 0 0 39
1280 29 0 0 0 0 21 -51
1281 0 0 11 0 55 0 -71
1282 0 0 8 0 24 0 -41
1283 0 0 0 6 0 0 52
1284 0 0 0 7 0 0 31
1285 0 0 0 0 31 0 -16
1286 0 0 0 0 19 57 -43
1287 0 0 0 0 0 40 0
1288 0 0 0 11 0 8 41
1289 0 0 0 6 0 0 18
1290 0 0 0 0 0 25 15
1291 0 0 0 7 0 0 35
1292 0 0 0 0 0 22 0
1293 0 0 0 0 0 4 35
1294 0 0 0 0 0 0 0
1295 0 0 0 0 0 0 0
1296 0 0 0 20 7 0 28
1297 0 0 0 0 0 12 0
1298 0 0 4 0 10 0 -15
1299 0 0 0 0 0 24 0
1300 14 0 0 0 0 14 -25
1301 0 0 0 11 0 0 35
1302 0 0 0 0 8 0 -21
1303 0 0 0 0 6 10 -11
1304 0 0 0 0 0 20 0
1305 0 0 13 0 57 0 -75
1306 7 30 30 0 30 0 -64
1307 0 0 0 0 0 22 0
1308 0 0 0 0 0 0 0
1309 0 0 8 0 0 23 0
1310 0 0 7 0 0 5 0
1311 7 0 0 0 0 20 -11
1312 0 0 0 0 0 44 0
1313 0 0 0 8 0 35 52
1314 0 0 0 8 0 0 31
1315 0 0 0 6 0 46 28
1316 0 0 0 0 70 0 -62
1317 0 0 69 0 0 0 -60
1318 0 0 0 10 0 10 15
1319 0 0 0 0 25 0 -34
1320 0 0 4 0 0 8 0
1321 0 0 0 0 22 0 -24
1322 0 0 0 8 0 36 23
1323 0 0 0 0 19 0 -17
1324 0 0 0 0 0 43 0
1325 0 0 0 0 0 31 0
1326 0 0 0 11 0 0 52
1327 0 0 13 8 0 0 11
1328 0 0 10 11 0 0 -25
1329 0 0 0 0 0 16 0
1330 0 0 0 0 0 41 0
1331 0 0 35 0 7 0 -44
1332 0 0 0 0 0 0 14
1333 0 0 0 0 0 0 0
1334 0 0 12 0 0 0 -20
1335 0 0 0 0 0 0 0
1336 0 0 0 20 0 0 53
1337 0 0 0 0 0 31 0
1338 0 0 0 4 0 32 -16
1339 0 0 0 5 0 20 35
1340 0 0 5 0 32 0 -31
1341 0 0 0 0 28 0 -65
1342 7 0 0 0 3 26 0
1343 0 0 42 0 0 0 -41
1344 0 0 36 0 0 0 -25
1345 0 0 33 0 0 0 -39
1346 0 0 12 0 51 0 -82
1347 0 0 0 0 0 0 0
1348 0 0 0 0 0 39 0
1349 0 0 0 9 0 0 21
1350 0 0 16 0 0 28 -20
1351 0 0 0 27 0 0 51
1352 0 0 27 0 0 0 -14
1353 0 0 0 0 8 0 -14
1354 0 0 0 0 0 42 0
1355 0 0 0 8 0 25 62
1356 0 0 0 0 0 34 0
1357 4 0 0 0 0 0 -7
1358 10 0 0 0 0 0 -15
1359 0 0 0 15 0 0 55
1360 0 0 27 0 0 8 -39
1361 0 0 0 0 0 0 28
1362 0 0 3 0 33 5 -51
1363 0 0 8 0 54 0 -68
1364 0 0 0 27 16 29 33
1365 0 0 0 6 0 14 22
1366 7 0 6 0 26 0 -27
1367 0 0 0 8 0 0 14
1368 0 0 0 0 0 0 -8
1369 0 0 0 0 0 0 0
1370 0 0 0 17 0 0 58
1371 0 0 18 0 43 47 -65
1372 0 0 0 0 0 0 0
1373 0 0 0 0 48 0 -58
1374 0 0 7 0 64 0 -83
1375 0 0 0 12 0 0 52
1376 0 0 0 0 13 0 -20
1377 0 0 0 63 0 0 83
1378 0 0 5 0 74 0 -77
1379 0 0 0 0 30 0 -42
1380 75 0 41 0 0 0 -35
1381 62 0 7 0 0 0 -48
1382 0 0 0 9 23 0 -30
1383 0 0 0 0 0 6 0
1384 0 0 0 0 0 16 -14
1385 0 0 10 0 9 0 -14
1386 27 0 5 0 0 0 -22
1387 0 0 0 9 0 0 40
1388 0 0 0 0 50 0 -47
1389 16 0 0 0 59 0 -66
1390 0 0 0 5 0 30 24
1391 0 0 14 0 0 0 -18
1392 0 0 0 23 0 0 69
1393 0 0 0 0 0 0 0
1394 0 0 0 8 19 0 21
1395 19 20 7 0 62 0 -70
1396 27 0 0 0 13 0 -46
1397 0 0 13 0 0 0 0
1398 0 5 0 0 8 0 -14
1399 0 0 24 0 0 0 -32
1400 0 0 0 0 0 0 0
1401 0 0 0 0 71 0 -65
1402 0 0 8 22 8 0 21
1403 0 0 0 0 63 0 -66
1404 0 0 0 0 0 55 0
1405 29 0 0 0 0 0 -27
1406 0 0 0 31 0 0 71
1407 0 0 0 0 0 0 0
1408 0 0 0 7 0 0 40
1409 6 0 0 0 0 0 -31
1410 0 0 0 5 0 0 16
1411 0 0 0 8 0 7 18
1412 0 0 0 0 0 0 0
1413 0 0 0 0 0 0 0
1414 19 0 11 0 61 0 -61
1415 10 0 0 0 14 10 -55
1416 14 9 24 0 73 0 -73
1417 0 0 0 0 0 0 0
1418 0 0 0 10 0 0 18
1419 0 0 0 8 0 0 50
1420 0 0 0 6 0 50 45
1421 0 0 0 0 4 51 -16
1422 0 0 10 0 0 15 -12
1423 0 0 0 0 0 0 0
1424 0 0 0 9 0 0 21
1425 0 0 0 0 5 23 -23
1426 0 0 0 0 0 0 0
1427 0 0 0 0 77 12 -70
1428 0 0 0 11 0 0 54
1429 0 0 0 0 0 50 0
1430 0 0 0 0 0 28 10
1431 0 0 54 0 22 7 -57
1432 0 0 0 0 0 0 0
1433 0 0 8 34 0 0 51
1434 0 0 0 0 0 55 0
1435 0 0 0 8 0 52 24
1436 0 0 13 5 0 44 0
1437 0 0 0 0 0 0 0
1438 50 0 0 0 0 0 -24
1439 0 0 25 0 66 0 -33
1440 57 0 16 0 0 0 -27
1441 0 0 10 0 62 0 -63
1442 0 0 8 38 0 0 43
1443 0 0 0 0 13 0 -20
1444 0 0 0 0 0 14 14
1445 0 0 0 18 0 0 78
1446 0 0 0 0 0 0 0
1447 0 0 0 22 0 0 67
1448 0 0 0 44 0 54 68
1449 0 0 10 0 30 0 -70
1450 0 0 76 0 22 0 -73
1451 0 0 0 3 0 0 9
1452 0 0 0 0 0 62 0
1453 0 0 8 0 8 0 -25
1454 0 0 0 9 0 27 68
1455 0 7 0 2 0 42 -16
1456 0 9 0 0 4 52 0
1457 0 0 0 6 0 36 19
1458 0 0 0 4 0 20 33
1459 24 0 13 0 40 0 -65
1460 80 0 0 0 0 0 -64
1461 0 0 0 0 0 58 0
1462 0 0 0 0 0 14 0
1463 0 0 0 3 0 27 11
1464 0 0 0 8 0 29 25
1465 0 0 0 30 0 0 69
1466 0 0 0 0 33 0 -18
1467 0 0 0 50 0 0 76
1468 0 0 71 0 0 0 -27
1469 0 0 48 0 0 7 -65
1470 0 0 0 0 0 0 0
1471 0 0 0 52 0 0 82
1472 0 0 0 0 0 40 0
1473 0 0 0 0 0 32 0
1474 0 0 5 0 7 0 23
1475 0 0 9 0 9 0 -12
1476 0 0 0 0 13 0 -29
1477 0 6 0 8 0 32 11
1478 0 0 0 22 19 0 13
1479 9 0 0 0 8 39 -21
1480 0 0 0 13 0 66 54
1481 65 0 0 0 0 0 -57
1482 18 53 0 0 63 0 -70
1483 0 0 0 33 0 0 58
1484 0 0 0 35 16 42 47
1485 0 0 0 0 15 18 -42
1486 16 14 0 0 36 18 -61
1487 0 0 0 0 0 0 0
1488 49 0 0 0 0 15 -38
1489 0 0 0 0 0 41 0
1490 7 0 7 0 29 0 -43
1491 0 0 0 0 64 0 -72
1492 0 0 0 0 61 0 -68
1493 0 0 0 9 0 48 31
1494 0 0 0 8 0 88 36
1495 0 0 0 0 13 19 -24
1496 0 8 0 0 30 45 -30
1497 0 0 23 23 0 65 0
1498 0 0 0 0 0 51 0
1499 0 0 0 0 0 52 0
