500 0 0 19 12 20 0 0
501 0 0 19 0 10 0 -50
502 0 0 0 0 0 14 0
503 0 0 0 16 0 0 14
504 0 0 16 0 16 0 -26
505 0 0 38 0 0 18 -31
506 0 0 0 0 0 13 0
507 0 0 0 0 33 0 -27
508 0 0 0 0 14 33 -18
509 21 0 0 0 34 0 -35
510 10 0 0 0 16 12 -26
511 0 0 0 23 0 44 32
512 0 0 0 0 0 12 0
513 0 0 0 12 0 0 16
514 0 0 0 0 0 0 0
515 0 0 0 26 0 0 34
516 0 0 0 0 0 23 0
517 0 0 0 0 15 21 -19
518 0 0 52 0 54 0 -71
519 0 12 0 0 0 65 0
520 0 0 0 0 0 8 0
521 12 0 0 0 22 0 -28
522 0 0 0 0 10 24 -28
523 0 0 0 0 0 0 0
524 0 0 0 22 0 10 22
525 0 0 0 0 0 15 16
526 0 0 0 12 0 22 25
527 0 0 0 0 0 22 0
528 33 39 0 0 0 0 -47
529 0 0 0 0 0 18 0
530 0 0 0 21 0 21 22
531 0 0 0 0 0 29 0
532 0 0 0 0 0 0 0
533 0 0 0 0 0 28 -25
534 0 0 0 18 0 17 22
535 0 0 0 0 0 27 0
536 0 0 0 0 20 20 -13
537 0 0 11 0 0 10 -37
538 0 0 0 20 0 0 23
539 0 0 0 0 21 0 -21
540 0 0 0 0 0 0 0
541 0 0 0 0 0 0 0
542 0 0 0 0 0 0 0
543 1 0 0 11 0 10 0
544 19 0 0 0 0 20 -29
545 0 0 0 0 0 0 0
546 0 0 0 0 0 0 0
547 0 0 0 0 23 0 -38
548 0 0 0 0 0 17 0
549 39 29 0 0 0 0 -42
550 0 0 0 0 0 0 0
551 0 0 51 0 27 0 -58
552 0 0 0 0 0 29 0
553 0 0 0 0 23 23 -23
554 0 0 27 0 0 0 -36
555 0 0 0 0 14 40 -30
556 0 0 0 16 0 17 24
557 13 0 0 0 21 0 -30
558 0 0 0 0 0 15 -14
559 0 0 0 14 0 0 14
560 0 0 0 0 0 31 16
561 0 0 0 0 0 10 0
562 5 0 11 0 0 0 -11
563 0 0 15 0 0 0 -23
564 0 0 0 9 0 0 10
565 22 0 61 0 41 0 -82
566 0 0 0 16 0 0 20
567 0 0 0 0 0 17 11
568 0 0 44 0 20 0 -50
569 0 0 0 0 0 0 0
570 0 0 0 0 0 0 0
571 0 0 0 0 0 18 0
572 28 0 18 0 0 0 -25
573 0 0 0 0 0 19 0
574 0 0 16 0 0 10 -24
575 0 0 0 17 0 0 25
576 52 34 0 0 13 0 -58
577 0 0 0 0 0 18 0
578 0 0 10 0 29 0 -22
579 0 0 17 0 29 7 -32
580 0 0 0 18 0 0 23
581 0 0 0 0 0 12 -24
582 0 0 28 0 28 0 -32
583 0 4 33 0 11 0 -37
584 0 0 0 0 35 5 -37
585 0 0 25 0 53 9 -64
586 0 0 0 14 0 14 27
587 0 0 0 16 0 36 25
588 0 0 0 0 0 0 0
589 0 0 0 0 14 14 -24
590 0 0 32 0 0 8 -33
591 0 0 31 0 19 0 -33
592 0 0 0 11 7 11 13
593 0 6 0 0 0 56 0
594 0 0 31 0 0 0 -16
595 0 0 29 0 19 7 -42
596 0 0 0 36 0 42 32
597 0 0 0 0 0 14 24
598 0 0 0 0 0 0 0
599 0 0 0 0 0 0 0
600 0 0 0 7 0 44 21
601 0 0 34 0 0 0 -37
602 0 0 0 0 0 12 -13
603 0 0 23 0 24 0 -24
604 0 0 0 0 0 0 0
605 24 0 12 0 52 0 -58
606 0 0 36 0 47 0 -65
607 0 0 0 11 0 23 21
608 0 0 48 0 34 0 -51
609 0 0 24 0 27 0 -24
610 30 0 42 0 27 12 -43
611 0 0 0 0 0 18 0
612 0 0 0 0 0 0 0
613 0 0 0 0 0 14 0
614 0 0 0 0 0 13 0
615 20 0 0 0 0 0 -23
616 9 0 0 0 37 0 -50
617 0 0 0 0 0 0 0
618 0 0 0 0 0 16 20
619 0 0 0 19 0 32 25
620 0 0 0 0 29 0 -22
621 53 25 0 0 19 0 -55
622 0 0 0 0 0 0 0
623 0 0 0 21 0 10 18
624 0 0 29 0 17 3 -28
625 0 0 0 0 0 0 0
626 0 0 0 51 0 54 39
627 0 0 0 20 0 10 18
628 0 0 0 0 0 0 0
629 0 0 11 0 51 21 -67
630 0 0 0 0 0 15 0
631 0 0 0 16 0 0 27
632 19 0 36 0 0 0 -37
633 0 0 0 0 14 14 -12
634 0 0 0 0 0 24 0
635 0 0 0 0 0 0 0
636 0 0 34 0 18 0 -42
637 0 0 0 0 23 0 0
638 0 0 0 0 12 12 -29
639 0 0 9 0 21 0 -23
640 0 0 35 0 0 0 -42
641 0 0 0 0 0 0 0
642 0 0 0 0 0 0 0
643 0 0 0 0 29 0 -36
644 51 35 0 0 36 0 -74
645 0 0 0 0 36 0 -35
646 0 0 0 0 13 55 -23
647 0 0 0 0 0 16 0
648 0 0 26 0 26 0 -42
649 0 0 0 17 0 0 23
650 0 0 0 0 16 0 -24
651 0 0 0 0 0 17 0
652 0 0 8 0 35 0 -35
653 0 0 0 10 0 15 11
654 0 0 0 30 0 0 26
655 0 0 0 0 20 0 -20
656 0 0 40 0 29 0 -31
657 0 0 50 0 13 0 -58
658 0 0 14 0 47 0 -39
659 0 0 0 0 27 0 -33
660 0 6 0 0 0 52 0
661 0 0 0 0 40 19 -30
662 0 0 0 0 38 0 -41
663 0 0 0 0 0 18 0
664 0 0 0 0 40 21 -40
665 0 0 0 0 0 26 -34
666 0 0 0 0 0 0 0
667 0 0 42 0 0 11 -27
668 0 0 0 0 19 4 -18
669 0 0 0 0 0 0 0
670 38 0 0 0 28 0 -26
671 0 0 0 0 0 18 -19
672 0 0 0 20 0 0 11
673 0 8 0 0 0 53 0
674 0 0 0 0 0 17 0
675 0 0 0 22 0 0 23
676 0 0 0 8 33 0 0
677 0 0 0 0 13 0 -23
678 0 0 33 0 8 8 -34
679 42 0 17 0 23 0 -38
680 0 0 0 0 0 0 0
681 0 0 0 0 18 0 -22
682 0 0 0 0 0 12 12
683 41 0 41 0 0 0 -42
684 0 3 0 0 0 52 0
685 0 0 0 31 0 11 28
686 0 0 0 0 0 19 -21
687 0 0 0 8 0 9 22
688 0 0 0 27 0 14 29
689 0 0 26 0 0 0 -25
690 0 0 32 0 32 0 -30
691 0 0 22 0 37 4 -28
692 0 0 0 0 11 10 -19
693 0 0 33 0 53 0 -81
694 0 0 0 0 31 17 -35
695 0 0 0 11 0 0 25
696 0 0 0 0 38 0 -40
697 0 0 0 0 36 12 -44
698 0 0 12 0 24 0 -25
699 0 0 0 0 0 27 25
700 0 0 0 0 0 14 0
701 0 0 38 0 39 0 -43
702 0 0 0 27 0 0 32
703 0 6 0 0 0 53 0
704 0 0 0 0 0 0 0
705 0 0 0 0 0 0 0
706 0 0 39 0 15 0 -28
707 0 0 0 0 0 13 0
708 0 0 36 0 40 0 -32
709 0 0 42 0 44 0 -52
710 0 0 0 11 0 0 23
711 0 0 0 0 0 25 0
712 0 0 40 0 55 0 -80
713 0 0 0 0 0 39 -49
714 0 0 0 0 0 25 0
715 0 0 0 0 0 22 0
716 24 0 0 0 33 0 -47
717 0 0 0 0 0 0 0
718 0 0 0 0 27 0 0
719 37 0 0 0 37 0 -59
720 0 0 0 9 0 26 0
721 0 0 0 0 0 0 0
722 0 0 0 0 0 23 0
723 38 0 23 0 0 0 -45
724 0 0 0 0 42 0 -44
725 0 0 0 17 0 0 0
726 0 0 20 0 0 33 0
727 0 0 22 0 40 0 -48
728 0 0 0 0 0 17 0
729 0 0 0 25 0 17 10
730 0 0 0 0 0 0 0
731 0 0 0 0 0 0 0
732 0 0 0 0 0 27 0
733 0 0 19 0 40 0 -47
734 50 0 0 0 40 0 -44
735 0 0 0 0 0 0 0
736 0 0 0 0 0 20 0
737 0 0 0 21 0 0 28
738 14 0 0 0 0 24 -30
739 0 0 0 40 0 19 35
740 13 0 13 0 0 26 -26
741 0 0 0 0 0 20 21
742 0 0 42 0 42 0 -41
743 0 0 0 16 0 26 19
744 0 0 0 0 36 17 -33
745 0 0 0 20 0 20 20
746 0 0 0 18 0 4 29
747 0 0 0 0 0 26 0
748 0 0 0 0 0 0 0
749 0 0 0 0 0 29 27
750 0 0 0 0 0 0 0
751 0 0 0 0 0 0 0
752 0 0 0 0 0 23 -21
753 46 0 0 0 35 0 -61
754 0 0 21 0 0 0 -35
755 0 0 0 0 0 21 0
756 0 0 0 0 19 0 0
757 48 15 0 0 35 0 -67
758 22 0 0 0 46 0 -58
759 0 0 0 0 0 14 0
760 0 0 0 23 0 0 23
761 0 0 0 0 43 0 -40
762 0 0 0 11 0 0 42
763 0 0 0 0 0 15 0
764 0 0 0 16 0 0 28
765 0 0 0 15 0 0 26
766 0 0 30 0 50 0 -54
767 0 58 0 0 0 0 -70
768 0 0 0 29 0 0 29
769 0 0 0 0 0 0 0
770 0 0 39 0 0 0 -46
771 0 0 34 0 54 0 -69
772 0 0 0 17 0 25 29
773 0 0 0 0 18 18 -42
774 0 0 0 0 58 0 -54
775 0 0 0 0 0 15 0
776 0 0 0 0 0 0 0
777 0 0 0 21 0 0 28
778 0 15 30 0 57 0 -55
779 0 0 25 0 0 0 -41
780 0 0 0 0 0 21 21
781 11 0 0 0 24 0 -31
782 16 0 35 0 0 0 -56
783 0 0 0 11 0 11 14
784 0 0 0 0 13 0 0
785 0 0 0 0 0 13 -20
786 0 0 0 0 0 0 0
787 0 0 0 0 0 0 0
788 0 0 0 0 34 0 -50
789 53 14 0 0 39 0 -47
790 0 0 31 0 0 0 -28
791 0 0 37 0 23 0 -27
792 0 0 40 0 7 0 -50
793 0 0 0 0 28 0 -36
794 0 0 0 14 0 0 23
795 0 0 0 0 0 30 0
796 0 0 0 0 0 0 0
797 24 0 0 0 21 0 -30
798 0 0 0 0 0 0 0
799 0 0 0 0 0 35 0
800 0 0 0 0 0 35 -23
801 0 0 0 0 0 16 0
802 0 0 0 0 0 0 0
803 0 0 0 0 0 24 0
804 0 0 0 0 0 18 -22
805 0 0 0 0 16 0 -20
806 0 0 46 0 16 12 -25
807 0 10 0 0 0 53 0
808 0 0 0 0 31 0 -25
809 0 0 0 0 0 0 0
810 0 0 26 0 35 0 -37
811 0 0 0 0 51 0 -44
812 0 0 0 0 30 0 -40
813 0 0 22 0 18 0 -29
814 0 0 0 12 0 0 23
815 7 0 0 0 0 19 -24
816 7 0 7 0 50 0 -72
817 0 0 0 0 36 8 -41
818 0 0 0 0 0 15 -32
819 0 0 0 0 20 20 -18
820 0 0 0 0 0 9 0
821 0 0 0 0 0 8 19
822 0 0 13 0 0 20 -12
823 18 0 0 0 18 0 -20
824 0 0 13 0 0 14 -21
825 0 0 0 0 0 0 0
826 0 6 0 0 0 52 0
827 0 0 0 0 0 15 16
828 10 0 37 0 10 0 -30
829 0 0 0 0 0 13 0
830 0 0 25 0 54 26 -68
831 0 0 0 0 0 11 0
832 0 0 13 0 0 13 -19
833 0 0 0 0 26 0 -33
834 51 30 0 0 26 0 -37
835 0 0 0 12 0 0 15
836 0 0 0 0 16 0 -9
837 0 0 0 23 0 7 21
838 0 0 0 0 0 0 0
839 0 0 0 0 0 0 0
840 13 0 13 0 32 0 -47
841 0 0 0 0 0 17 0
842 0 0 0 0 0 21 -13
843 0 0 0 0 17 17 -30
844 39 0 7 0 0 0 -45
845 0 0 17 0 0 0 -29
846 0 0 39 0 0 0 -42
847 0 10 0 0 0 53 0
848 0 0 0 0 0 0 0
849 0 0 0 0 0 0 0
850 0 0 10 0 28 0 -33
851 0 0 43 0 0 0 -46
852 0 0 0 18 0 0 22
853 0 0 0 29 0 30 30
854 0 0 0 0 0 26 23
855 0 0 40 0 23 0 -36
856 0 0 0 0 0 63 0
857 0 0 0 0 0 19 0
858 0 0 0 20 0 19 14
859 0 0 0 0 0 11 11
860 0 0 0 12 0 9 21
861 0 10 0 0 0 18 -27
862 0 0 26 0 0 0 -35
863 0 0 0 0 0 0 0
864 0 0 19 0 0 5 -18
865 0 0 0 0 12 17 -27
866 0 0 0 20 0 0 20
867 0 0 44 0 0 0 -38
868 0 0 0 0 0 50 -21
869 0 0 0 32 0 0 31
870 0 0 0 0 54 0 -69
871 0 0 35 0 23 0 -32
872 0 0 0 0 15 0 -29
873 0 0 0 0 0 11 18
874 0 0 0 0 10 0 -37
875 0 0 0 8 0 0 16
876 0 0 0 0 0 11 19
877 0 0 10 5 0 8 7
878 0 0 0 0 0 13 -29
879 0 0 0 10 0 14 14
880 46 0 40 0 17 0 -40
881 0 0 13 0 21 0 -27
882 0 0 0 0 39 0 -43
883 0 0 0 23 0 0 31
884 0 0 0 8 0 0 26
885 0 0 39 0 0 0 -47
886 0 0 17 0 42 0 -43
887 0 0 0 0 51 0 -51
888 0 0 14 0 34 0 -40
889 0 0 37 0 8 0 -35
890 0 0 0 6 0 17 0
891 22 0 0 0 24 0 -27
892 0 0 0 0 0 0 0
893 0 0 0 52 0 50 34
894 0 0 0 0 0 0 0
895 0 0 16 0 30 0 -29
896 0 0 0 0 39 8 -42
897 0 0 17 0 0 0 -33
898 0 0 22 0 41 0 -44
899 0 0 0 18 0 0 21
900 0 0 0 0 0 0 0
901 0 0 0 0 0 17 0
902 0 0 0 0 23 0 -38
903 0 0 9 0 21 0 -40
904 0 0 0 0 0 12 0
905 0 0 0 0 0 24 -15
906 0 0 0 0 10 23 -33
907 0 0 0 0 0 0 0
908 0 0 13 0 13 0 -26
909 0 9 0 0 0 50 0
910 0 0 0 0 0 0 -22
911 0 0 0 6 7 0 -19
912 32 0 0 0 0 0 -33
913 0 0 0 0 0 0 0
914 0 0 30 0 0 0 -33
915 0 0 24 0 0 0 -39
916 0 0 0 0 0 24 0
917 0 0 33 0 7 0 -41
918 0 0 0 0 0 0 0
919 0 0 0 0 0 14 0
920 0 0 51 0 52 0 -74
921 0 0 16 0 52 0 -63
922 0 0 0 0 0 11 0
923 0 0 0 11 0 0 22
924 0 0 0 10 0 0 20
925 0 0 17 0 31 0 -35
926 0 0 0 23 0 23 27
927 0 8 0 0 0 55 0
928 0 0 0 0 0 0 0
929 0 0 0 0 13 0 -9
930 0 0 0 0 17 15 0
931 0 0 0 0 0 0 0
932 0 0 0 23 0 0 28
933 0 0 8 5 0 0 16
934 0 0 0 26 0 0 30
935 0 0 33 0 33 0 -37
936 0 0 0 13 0 0 19
937 17 0 0 0 0 0 -27
938 0 0 0 13 0 0 17
939 0 0 22 0 0 8 -26
940 0 0 40 0 16 0 -39
941 0 0 0 0 0 16 0
942 0 0 0 0 0 0 0
943 30 0 0 0 0 0 -27
944 0 0 0 0 31 0 -31
945 0 0 0 0 15 0 -28
946 0 0 0 38 0 14 39
947 0 0 0 0 0 0 0
948 0 0 0 35 0 0 27
949 0 38 53 0 0 0 -61
950 0 0 16 6 0 0 0
951 0 7 0 0 0 53 0
952 0 0 0 16 0 0 26
953 0 0 0 20 0 35 36
954 0 0 0 0 0 13 27
955 0 0 0 0 0 0 0
956 0 0 0 8 0 0 33
957 22 0 0 0 17 0 -30
958 0 0 0 0 10 0 -24
959 0 0 17 3 17 0 0
960 0 0 0 12 0 0 23
961 0 0 0 19 0 0 37
962 0 0 0 11 0 0 21
963 0 0 0 0 0 18 19
964 0 0 0 4 22 0 0
965 10 0 0 0 10 0 -25
966 0 0 0 0 0 15 -15
967 0 0 0 10 0 0 18
968 16 0 16 0 0 0 -28
969 0 0 0 0 0 15 -30
970 0 0 46 0 0 0 -55
971 0 0 0 0 0 12 0
972 0 0 0 0 0 0 0
973 16 0 42 0 57 0 -80
974 0 0 0 0 0 0 0
975 0 0 28 0 44 0 -50
976 0 0 0 14 0 0 16
977 21 0 0 0 0 22 -31
978 0 0 0 0 14 0 -21
979 0 0 0 0 0 0 0
980 0 0 0 0 0 13 0
981 0 0 0 18 0 18 25
982 0 0 0 7 0 18 19
983 0 0 28 0 59 0 -52
984 0 0 0 0 34 0 -33
985 0 0 0 0 11 0 -29
986 0 0 0 15 0 0 22
987 19 0 0 0 0 0 -27
988 0 0 0 34 0 0 28
989 55 25 0 0 0 0 -45
990 0 0 0 0 0 32 0
991 0 0 35 0 0 0 -40
992 0 0 0 0 0 30 28
993 0 4 0 0 0 55 0
994 0 0 0 0 55 0 -79
995 0 0 0 6 0 28 26
996 0 0 0 0 0 0 0
997 0 0 0 8 0 30 28
998 0 0 0 0 0 0 0
999 0 0 0 13 0 8 20
1000 0 0 41 0 0 0 -60
1001 0 0 0 0 0 19 -10
1002 0 0 0 5 0 23 27
1003 0 0 0 36 0 13 28
1004 0 0 0 0 0 21 28
1005 0 0 43 0 11 0 -45
1006 0 0 38 0 8 0 -50
1007 0 0 35 0 0 0 -33
1008 0 0 0 0 16 0 -29
1009 5 0 13 0 55 0 -73
1010 0 0 37 0 0 0 -48
1011 21 0 0 0 0 0 -35
1012 0 0 0 0 26 0 -39
1013 0 0 0 17 0 0 22
1014 0 0 0 0 0 16 0
1015 0 0 0 17 0 0 25
1016 0 0 0 16 0 10 41
1017 0 0 0 0 0 21 0
1018 0 0 26 0 24 0 -33
1019 0 0 0 0 56 0 -42
1020 0 0 0 0 0 0 0
1021 0 0 0 0 0 18 0
1022 0 0 0 0 0 27 28
1023 0 0 0 27 0 27 25
1024 0 0 0 23 0 0 21
1025 0 0 0 24 0 0 35
1026 0 0 0 0 0 15 0
1027 0 0 0 20 0 17 27
1028 0 0 0 23 0 11 25
1029 0 0 0 0 22 0 -35
1030 0 0 0 0 0 0 29
1031 0 0 0 7 0 0 29
1032 0 0 0 0 16 0 -29
1033 0 0 0 0 0 0 28
1034 0 0 13 0 0 0 -35
1035 0 0 17 0 0 0 -43
1036 0 0 0 0 0 9 25
1037 0 0 0 6 0 0 34
1038 0 0 20 0 0 0 -38
1039 0 0 0 0 45 0 -52
1040 0 0 8 0 44 0 -35
1041 24 0 0 0 0 0 -34
1042 0 0 0 0 0 0 -32
1043 0 0 0 0 0 0 -33
1044 0 0 0 0 0 0 -37
1045 0 0 0 0 0 0 -25
1046 0 0 0 0 0 0 16
1047 0 0 0 0 0 0 -31
1048 0 0 0 0 0 0 26
1049 38 0 0 0 26 0 -51
1050 0 0 0 0 0 0 -50
1051 15 0 0 0 12 0 -44
1052 0 0 0 0 0 0 34
1053 0 0 0 5 0 0 27
1054 0 0 0 0 0 0 27
1055 0 0 0 0 0 0 0
1056 19 0 0 0 0 18 0
1057 12 0 17 0 0 0 -40
1058 0 0 13 0 0 0 -22
1059 0 0 0 0 13 0 0
1060 0 0 0 0 0 0 0
1061 0 0 0 0 0 18 0
1062 0 0 16 0 0 0 -35
1063 0 0 0 0 15 0 -49
1064 0 0 0 0 0 0 0
1065 0 0 0 0 0 22 -42
1066 0 0 0 0 0 0 0
1067 0 0 0 13 0 0 28
1068 0 0 0 20 0 20 34
1069 0 0 8 0 56 0 -71
1070 0 0 0 0 43 0 -55
1071 0 0 0 0 0 0 27
1072 0 0 0 0 0 0 26
1073 0 0 0 0 0 0 29
1074 0 0 0 0 0 0 24
1075 0 0 0 0 0 0 0
1076 0 0 22 0 59 0 -45
1077 0 0 0 0 0 17 0
1078 0 0 23 0 0 0 -29
1079 0 0 0 0 34 0 -37
1080 0 0 0 0 31 8 -21
1081 0 0 0 11 0 0 27
1082 0 0 0 0 19 10 -29
1083 0 0 0 0 0 16 0
1084 0 0 0 0 14 14 0
1085 0 0 0 0 0 33 0
1086 0 0 10 0 0 26 -27
1087 15 0 27 0 0 0 -29
1088 8 0 36 0 0 9 -33
1089 0 0 0 0 15 19 -24
1090 0 0 0 0 0 21 0
1091 0 0 0 8 0 37 0
1092 0 0 24 0 0 17 0
1093 0 0 8 0 25 0 -16
1094 0 0 38 0 0 0 -50
1095 0 0 0 0 31 0 -45
1096 0 0 0 0 24 0 -28
1097 22 0 26 0 0 0 -30
1098 0 0 0 0 19 0 0
1099 42 6 0 0 27 0 -55
1100 33 6 0 0 9 0 -48
1101 0 0 21 0 0 0 -37
1102 0 0 0 0 0 0 0
1103 0 0 0 0 0 26 0
1104 0 0 0 9 0 0 20
1105 0 0 0 5 0 20 19
1106 0 0 0 15 0 0 38
1107 0 0 0 0 7 22 -30
1108 0 0 0 0 0 31 0
1109 0 0 0 51 0 0 49
1110 0 0 0 0 0 20 0
1111 0 0 0 0 0 20 -31
1112 0 0 0 0 23 0 -25
1113 0 0 0 0 0 14 30
1114 0 0 0 0 27 9 -30
1115 0 0 0 0 0 22 0
1116 0 0 25 0 0 0 -31
1117 0 0 0 20 0 33 35
1118 0 0 0 37 0 14 30
1119 0 0 0 40 0 27 32
1120 0 0 0 0 27 0 -21
1121 0 0 0 19 0 38 31
1122 0 0 0 0 0 20 0
1123 0 0 0 0 25 0 -23
1124 20 0 0 0 13 0 -19
1125 0 0 0 0 14 0 -28
1126 0 0 0 0 0 17 0
1127 0 0 0 0 0 0 0
1128 0 0 0 15 0 7 29
1129 0 0 0 0 26 0 -37
1130 0 0 0 0 4 4 -8
1131 0 0 0 0 0 29 28
1132 0 0 0 0 0 5 0
1133 0 0 0 0 0 0 0
1134 0 0 0 0 0 0 0
1135 0 0 0 13 0 0 24
1136 9 0 18 0 0 0 -26
1137 0 0 0 0 0 0 0
1138 0 0 0 0 21 0 -27
1139 0 0 0 0 0 0 0
1140 0 0 0 0 0 0 0
1141 8 0 0 0 24 0 -27
1142 0 0 0 0 0 18 0
1143 0 0 0 0 25 0 -30
1144 0 0 0 18 0 11 23
1145 0 0 0 0 0 0 0
1146 0 0 0 0 0 0 0
1147 0 0 0 0 0 14 10
1148 0 0 0 0 9 9 -12
1149 0 0 0 0 0 0 0
1150 0 0 0 0 24 6 -19
1151 0 0 0 12 0 7 20
1152 0 0 0 17 0 8 21
1153 0 0 0 11 0 0 15
1154 0 0 0 31 0 0 28
1155 0 0 0 0 0 13 0
1156 0 0 35 0 0 0 -40
1157 0 0 0 0 29 26 -37
1158 0 0 0 0 0 0 -20
1159 0 0 0 0 15 0 -48
1160 0 0 17 0 25 0 -52
1161 0 0 31 0 0 0 -39
1162 0 0 0 20 0 15 18
1163 0 0 0 14 0 0 28
1164 0 0 0 0 0 17 20
1165 0 0 0 0 18 14 -15
1166 0 0 0 27 0 0 38
1167 0 0 0 0 0 15 0
1168 0 0 8 0 26 0 -19
1169 0 0 0 0 0 0 0
1170 0 0 0 0 0 0 0
1171 0 0 0 0 0 0 28
1172 0 0 0 12 0 0 26
1173 0 0 41 0 29 0 -42
1174 0 0 0 0 20 17 -30
1175 0 0 0 0 47 0 -33
1176 0 0 0 0 0 9 0
1177 0 0 0 0 0 0 0
1178 6 0 18 0 0 0 -26
1179 0 0 10 0 0 0 -22
1180 0 0 0 0 0 0 0
1181 0 0 0 0 0 13 0
1182 0 0 0 0 19 0 -17
1183 17 0 0 0 0 0 -33
1184 0 0 0 0 15 0 -14
1185 20 0 19 0 0 0 -24
1186 0 0 15 0 0 0 0
1187 0 0 0 0 23 0 -33
1188 0 0 0 0 0 15 0
1189 0 0 0 0 0 16 17
1190 0 0 0 0 13 13 0
1191 0 0 8 0 17 0 0
1192 0 0 0 0 0 28 0
1193 0 0 0 0 17 17 -21
1194 0 0 0 0 0 0 0
1195 0 0 0 0 0 0 0
1196 0 0 0 0 0 0 0
1197 0 0 0 0 0 0 0
1198 0 0 0 0 0 14 0
1199 0 0 0 0 21 0 0
1200 0 0 0 0 0 25 0
1201 0 0 0 0 0 12 0
1202 0 0 0 0 0 11 0
1203 0 0 0 0 0 23 20
1204 0 0 30 0 42 0 -45
1205 0 0 0 9 0 40 30
1206 0 0 0 13 0 0 32
1207 0 0 0 0 34 0 -47
1208 0 0 0 9 0 9 20
1209 0 0 0 0 19 0 -23
1210 0 0 0 10 0 0 20
1211 0 0 0 0 0 20 0
1212 0 0 26 0 24 0 -27
1213 0 0 0 0 0 8 0
1214 0 0 0 10 0 10 16
1215 0 0 0 19 0 3 21
1216 0 0 23 0 7 0 -28
1217 0 0 0 0 0 15 0
1218 0 0 0 0 0 39 0
1219 0 0 0 0 0 11 13
1220 0 0 37 0 10 0 -26
1221 0 0 0 0 6 0 -19
1222 0 0 0 0 37 0 -40
1223 0 0 0 26 0 0 30
1224 0 0 0 16 0 0 24
1225 0 0 0 26 0 13 18
1226 0 0 0 31 0 0 26
1227 0 0 0 0 0 13 23
1228 0 0 21 0 0 0 -30
1229 0 0 0 0 0 0 0
1230 0 0 0 0 0 0 0
1231 0 0 0 0 0 0 0
1232 0 0 0 0 0 11 23
1233 0 0 0 0 0 0 0
1234 0 0 17 0 0 0 -24
1235 17 0 0 0 40 0 -40
1236 0 0 0 34 0 5 24
1237 0 0 0 0 0 0 17
1238 0 0 0 0 0 0 21
1239 0 0 0 21 0 43 27
1240 32 0 0 0 0 0 -36
1241 0 0 0 0 12 0 -23
1242 0 0 0 0 0 27 0
1243 0 0 10 0 10 0 -21
1244 0 0 0 0 0 0 -38
1245 14 0 0 0 0 24 -36
1246 0 0 0 17 0 0 20
1247 0 0 0 22 0 9 22
1248 0 0 0 0 0 0 0
1249 17 0 0 0 0 0 -25
1250 0 0 38 0 0 0 -41
1251 0 0 0 10 0 0 16
1252 0 0 0 0 0 23 -23
1253 26 0 0 0 0 0 -30
1254 0 0 0 0 0 0 0
1255 0 0 0 0 0 0 13
1256 0 0 25 0 10 0 -34
1257 0 0 0 0 0 0 -27
1258 0 0 47 0 46 0 -57
1259 0 0 0 0 0 0 0
1260 0 0 0 0 0 0 0
1261 0 0 0 0 24 0 -29
1262 0 0 0 0 0 0 0
1263 0 0 0 0 0 0 19
1264 0 0 0 0 0 0 -26
1265 0 0 0 13 0 0 22
1266 0 0 0 0 18 0 -31
1267 0 0 0 9 0 0 46
1268 0 0 0 0 18 0 0
1269 0 0 0 0 0 0 19
1270 0 0 0 0 0 0 26
1271 0 0 0 0 0 0 29
1272 0 0 0 11 0 28 22
1273 0 0 0 0 0 0 26
1274 0 0 0 22 0 0 28
1275 0 0 42 0 0 0 -31
1276 0 0 0 0 0 0 28
1277 0 0 0 0 0 0 26
1278 20 0 0 0 0 0 -31
1279 0 0 0 13 0 20 35
1280 36 5 0 0 0 0 -36
1281 0 0 46 0 0 0 -41
1282 0 0 21 0 38 0 -38
1283 0 0 0 0 0 0 -19
1284 0 0 0 0 0 0 33
1285 0 0 0 0 0 0 13
1286 0 0 0 0 0 0 -26
1287 0 0 0 0 0 0 -26
1288 0 0 0 12 0 43 19
1289 0 0 0 0 0 0 0
1290 0 0 0 0 0 0 24
1291 0 0 0 0 0 0 15
1292 0 0 0 0 0 0 -26
1293 0 0 0 0 0 0 31
1294 0 0 0 0 0 0 21
1295 0 0 0 0 0 0 0
1296 0 0 0 0 0 18 0
1297 0 0 0 0 0 20 0
1298 0 0 0 0 0 0 31
1299 0 0 0 0 0 18 0
1300 0 0 0 0 0 0 -33
1301 0 0 0 0 0 0 37
1302 0 0 0 0 0 0 0
1303 0 0 0 0 0 0 -32
1304 0 0 0 0 0 24 0
1305 0 0 59 0 39 0 -75
1306 49 59 12 0 0 0 -70
1307 0 0 0 0 0 33 0
1308 0 0 0 0 0 13 0
1309 0 0 42 0 0 0 -42
1310 24 0 38 0 0 0 -40
1311 0 0 0 0 0 49 0
1312 0 0 0 0 0 0 0
1313 0 0 0 9 0 31 28
1314 0 0 0 0 0 0 27
1315 0 0 0 0 0 35 -17
1316 0 0 0 0 18 0 -37
1317 17 0 45 0 0 0 -50
1318 0 0 0 26 0 0 29
1319 0 0 0 0 0 0 -34
1320 0 0 0 0 19 0 -35
1321 0 0 0 0 15 15 -30
1322 0 0 9 0 0 9 0
1323 0 0 0 0 22 0 -34
1324 0 0 33 0 0 0 -26
1325 0 0 0 0 0 14 -18
1326 0 0 0 26 0 0 39
1327 0 0 0 10 0 0 39
1328 0 0 25 0 0 0 -30
1329 0 0 0 0 0 0 34
1330 0 0 0 0 0 16 0
1331 0 0 37 0 0 0 -48
1332 0 0 0 0 0 0 33
1333 0 0 0 0 0 0 0
1334 0 0 9 0 0 0 0
1335 0 0 0 0 0 0 0
1336 0 0 0 20 0 14 28
1337 0 0 0 0 0 0 32
1338 0 0 0 0 0 19 0
1339 0 0 0 16 0 0 37
1340 0 0 0 0 32 0 -38
1341 0 0 31 0 0 0 -30
1342 0 0 0 0 0 0 -24
1343 0 0 40 0 0 0 -49
1344 0 0 30 0 0 0 -48
1345 0 0 29 0 0 0 -39
1346 0 0 52 0 21 0 -53
1347 0 0 0 0 0 0 0
1348 0 0 0 12 0 0 30
1349 0 0 0 21 0 0 27
1350 0 0 0 0 0 28 0
1351 0 0 0 16 0 16 28
1352 0 0 0 0 0 0 -17
1353 0 0 0 15 0 23 14
1354 46 22 0 0 0 0 -47
1355 0 0 0 0 0 19 0
1356 0 0 0 0 19 11 -26
1357 0 0 0 0 0 0 0
1358 0 0 0 0 0 16 -17
1359 0 0 0 22 0 14 21
1360 0 0 16 0 0 10 0
1361 0 0 0 18 0 0 24
1362 0 0 31 0 9 0 -29
1363 0 0 53 0 16 0 -57
1364 0 0 0 40 0 24 45
1365 0 0 0 0 0 23 0
1366 28 0 20 0 0 0 -46
1367 0 0 0 0 0 0 0
1368 0 0 0 0 0 0 -26
1369 0 0 0 0 0 20 -23
1370 0 0 0 16 0 16 31
1371 27 0 42 0 25 0 -74
1372 0 0 0 0 0 0 0
1373 38 0 50 0 17 0 -74
1374 0 0 55 0 0 0 -58
1375 0 0 0 19 0 15 31
1376 0 0 0 0 0 0 -26
1377 0 0 0 19 0 0 29
1378 0 0 29 0 22 0 -40
1379 0 0 0 0 25 0 -46
1380 28 13 0 0 0 0 -36
1381 15 0 41 0 0 0 -52
1382 0 0 0 0 0 17 0
1383 0 0 0 0 0 0 27
1384 0 0 0 0 0 11 25
1385 0 0 0 0 0 0 0
1386 0 0 13 0 0 0 -30
1387 0 0 0 0 0 0 0
1388 0 0 0 0 32 0 -58
1389 22 0 5 0 12 0 -40
1390 0 0 0 25 0 0 35
1391 21 0 0 0 0 0 -38
1392 0 0 0 25 0 6 31
1393 0 0 0 0 17 0 -29
1394 0 0 0 0 0 19 -17
1395 0 0 0 0 23 0 -38
1396 19 0 0 0 0 0 -26
1397 0 0 0 0 0 0 0
1398 0 0 0 0 0 0 24
1399 0 0 0 0 0 15 0
1400 0 0 0 0 0 0 0
1401 0 0 0 0 35 0 -18
1402 0 0 8 16 0 0 22
1403 0 0 0 0 30 0 -39
1404 0 0 0 0 0 30 0
1405 0 0 0 0 0 0 -42
1406 0 0 0 18 0 34 29
1407 0 0 0 0 0 0 0
1408 0 0 0 10 0 18 23
1409 0 0 0 0 0 0 0
1410 0 0 0 22 0 0 31
1411 0 0 0 0 0 14 14
1412 0 0 0 0 0 0 0
1413 0 0 0 0 0 0 0
1414 0 0 44 0 39 0 -71
1415 16 0 46 0 0 0 -49
1416 0 8 56 0 0 0 -75
1417 0 0 0 0 0 0 0
1418 0 0 0 3 0 17 21
1419 0 0 0 21 0 0 36
1420 0 0 0 42 0 12 40
1421 0 0 0 0 7 7 -24
1422 0 0 0 0 0 0 -45
1423 0 0 0 0 0 0 23
1424 0 0 0 19 0 10 36
1425 0 0 0 0 0 15 0
1426 0 0 0 0 0 0 20
1427 46 0 26 0 46 0 -65
1428 0 0 0 15 0 9 18
1429 0 0 0 0 0 20 17
1430 0 0 0 0 0 0 -30
1431 0 0 37 0 0 0 -51
1432 0 0 0 0 0 0 21
1433 0 0 0 13 13 0 11
1434 0 0 0 0 0 30 0
1435 0 0 0 16 0 11 22
1436 0 0 0 0 0 21 14
1437 0 0 0 0 0 0 0
1438 15 0 0 0 31 0 -33
1439 20 0 13 0 0 0 -40
1440 0 0 20 0 0 0 -22
1441 22 22 0 0 0 0 -29
1442 0 0 0 42 5 0 18
1443 0 0 0 0 0 0 0
1444 0 0 0 0 0 0 0
1445 0 0 0 23 0 8 32
1446 22 0 0 0 0 0 -39
1447 0 0 0 0 0 18 0
1448 0 0 0 0 0 37 28
1449 0 0 40 0 0 0 -52
1450 0 0 40 0 0 0 -47
1451 0 0 0 0 0 0 -32
1452 0 0 0 0 0 23 0
1453 0 0 6 0 15 0 -25
1454 0 0 0 35 6 0 21
1455 8 46 0 0 0 0 -47
1456 0 0 0 0 0 0 -39
1457 0 0 0 8 0 8 23
1458 0 0 0 0 0 0 0
1459 0 0 0 0 28 0 -39
1460 11 0 0 0 21 0 -43
1461 0 0 0 0 0 25 31
1462 0 0 0 0 0 9 0
1463 0 0 0 0 0 18 0
1464 0 0 0 0 0 0 21
1465 0 0 0 21 0 37 27
1466 0 0 0 0 0 21 0
1467 0 0 0 24 0 0 18
1468 0 0 23 0 0 0 -27
1469 0 0 17 0 0 12 -20
1470 0 0 0 0 7 0 -30
1471 0 0 0 0 0 0 0
1472 0 0 0 0 0 13 0
1473 0 0 0 0 0 0 23
1474 0 0 0 8 0 8 11
1475 0 0 0 0 0 0 0
1476 0 0 0 0 19 0 -18
1477 0 0 0 0 0 11 0
1478 0 0 0 0 0 0 0
1479 0 0 37 0 0 0 -28
1480 0 0 0 0 0 23 0
1481 0 0 0 0 28 0 -28
1482 54 47 0 0 0 0 -64
1483 0 0 0 15 0 7 28
1484 0 0 0 0 0 35 0
1485 0 0 0 0 17 0 -24
1486 0 0 0 0 39 0 -43
1487 0 0 0 0 0 0 0
1488 0 0 0 0 20 20 -25
1489 0 0 0 0 0 16 0
1490 0 0 29 0 0 0 -38
1491 0 0 0 0 25 0 -33
1492 0 0 29 0 14 0 -33
1493 0 0 0 10 0 10 21
1494 0 0 0 0 0 26 23
1495 0 0 0 0 23 0 -31
1496 0 0 0 0 27 0 -35
1497 0 0 0 0 7 31 -37
1498 0 0 0 0 0 0 0
1499 0 0 0 0 0 0 23
