500 0 0 4 4 18 0 -7
501 50 50 0 50 0 0 0
502 0 0 0 0 0 0 0
503 0 0 0 50 0 50 14
504 0 0 50 0 25 0 0
505 0 0 50 0 100 0 -100
506 0 0 0 0 0 100 45
507 0 0 0 0 50 15 -20
508 50 0 0 0 0 0 -30
509 50 12 0 0 50 0 -50
510 50 0 0 0 0 100 -70
511 0 0 0 100 0 100 100
512 0 0 0 0 0 0 0
513 0 0 0 50 0 0 30
514 0 0 0 0 0 50 -20
515 0 0 0 25 0 100 60
516 0 0 0 0 0 0 0
517 50 0 50 60 50 0 5
518 0 0 25 0 100 0 -100
519 0 50 0 0 0 50 10
520 10 10 0 0 0 0 -10
521 0 0 0 0 0 0 0
522 100 0 0 0 0 50 -50
523 0 0 0 0 0 0 0
524 0 0 0 100 0 0 100
525 0 0 0 10 10 10 0
526 0 0 0 100 20 0 50
527 0 0 0 0 50 50 -30
528 0 75 0 100 35 0 100
529 0 0 0 0 0 0 0
530 0 0 0 60 50 0 10
531 0 50 0 0 0 100 -20
532 0 0 0 100 0 10 100
533 0 50 100 50 50 100 -40
534 0 0 0 100 0 50 50
535 0 0 0 100 0 100 50
536 0 0 0 0 100 50 -63
537 0 0 100 10 0 50 -42
538 0 0 0 0 0 50 25
539 40 40 0 0 0 80 -20
540 0 0 0 100 0 0 100
541 0 0 0 0 0 0 0
542 0 0 0 0 0 0 0
543 100 0 0 100 0 0 50
544 0 0 100 0 0 0 -12
545 0 100 100 50 0 0 -25
546 50 0 0 0 100 0 -30
547 100 100 100 0 100 0 -55
548 100 0 50 0 0 0 -60
549 0 100 0 0 100 0 -38
550 0 0 0 0 0 0 0
551 0 0 100 0 100 0 -100
552 0 0 0 0 100 0 -100
553 0 0 0 0 0 0 0
554 0 0 50 0 0 0 -30
555 50 0 0 10 0 0 -21
556 0 0 0 100 0 50 100
557 100 0 100 0 0 0 -100
558 0 0 0 0 0 0 0
559 0 0 0 0 0 0 0
560 0 0 0 100 0 100 100
561 0 50 0 0 0 0 -25
562 0 0 0 0 0 0 0
563 0 0 45 0 100 0 -100
564 0 0 0 50 0 20 30
565 0 100 100 0 100 11 -100
566 0 0 0 30 0 40 20
567 0 0 0 50 0 20 20
568 0 0 100 0 100 0 -100
569 0 0 0 0 0 0 0
570 0 0 0 0 100 50 -55
571 0 0 0 50 0 0 30
572 0 0 0 0 0 0 0
573 0 0 0 0 0 0 0
574 0 0 0 100 0 0 100
575 0 0 0 100 0 0 100
576 0 100 0 0 0 50 -72
577 30 0 0 20 0 50 15
578 0 0 0 0 0 0 0
579 0 0 0 0 0 0 0
580 0 0 0 50 0 50 35
581 50 0 0 0 0 51 -29
582 61 0 60 0 0 0 -39
583 0 0 100 0 0 18 -100
584 0 74 0 0 0 73 -30
585 0 0 100 0 100 100 -100
586 0 0 0 0 0 80 24
587 0 0 0 54 0 100 69
588 0 0 0 0 0 0 0
589 0 50 0 0 50 0 -50
590 0 59 100 0 0 0 -42
591 100 0 100 0 0 0 -100
592 0 0 0 0 0 0 0
593 0 0 0 14 0 75 48
594 100 0 100 0 0 23 -100
595 71 0 82 0 0 18 -45
596 0 0 0 24 24 93 25
597 0 0 0 74 0 24 40
598 0 0 0 0 0 0 0
599 0 0 0 0 0 0 0
600 0 0 0 7 0 100 54
601 17 11 17 0 0 0 -22
602 32 30 0 0 0 0 -37
603 100 0 50 0 0 0 -100
604 0 0 0 0 0 0 0
605 0 0 0 0 100 34 -79
606 0 0 41 0 0 24 -56
607 0 0 0 0 0 40 42
608 0 0 24 0 100 24 -89
609 47 0 0 0 0 0 -36
610 23 0 100 0 23 0 -100
611 20 0 20 0 0 0 -40
612 0 0 0 46 0 30 33
613 30 30 0 12 0 0 11
614 45 0 0 60 0 23 30
615 100 17 30 0 0 0 -65
616 21 0 22 0 0 0 -33
617 0 0 0 0 0 0 0
618 0 0 0 0 0 32 20
619 0 13 0 0 0 0 -19
620 3 36 0 0 0 26 -33
621 14 60 0 0 0 0 -25
622 0 0 0 0 0 0 0
623 0 13 30 0 25 0 44
624 20 23 50 0 25 0 -49
625 0 0 0 47 0 10 42
626 0 0 0 0 0 32 30
627 0 0 0 0 0 0 0
628 0 0 0 23 0 0 18
629 0 0 0 0 100 24 -100
630 0 0 30 0 0 20 25
631 0 0 0 56 0 16 41
632 66 0 67 28 0 0 22
633 0 0 0 0 0 0 0
634 0 0 8 0 0 50 0
635 0 0 0 0 0 0 0
636 50 0 50 0 50 0 -80
637 0 21 0 0 0 50 32
638 0 0 0 0 0 50 0
639 0 24 0 0 70 50 -42
640 50 0 100 0 0 0 -34
641 0 0 0 0 0 0 0
642 0 0 0 80 0 60 51
643 32 50 23 0 0 0 -47
644 29 27 0 0 0 19 -48
645 31 0 0 0 20 25 -39
646 0 0 51 0 0 100 -100
647 0 0 0 0 0 0 0
648 0 0 73 0 29 36 -30
649 0 0 0 81 0 16 40
650 0 0 0 0 57 0 -56
651 0 17 0 0 0 45 -30
652 0 0 0 0 74 0 -75
653 0 0 0 0 0 50 31
654 0 0 0 30 0 56 30
655 0 28 0 0 0 26 -30
656 0 0 0 0 0 53 0
657 0 0 67 0 0 50 -54
658 0 0 40 0 0 0 0
659 45 0 17 0 50 0 -56
660 0 25 0 0 0 30 30
661 0 0 43 0 0 39 -54
662 0 0 0 0 0 0 0
663 0 0 0 0 0 0 0
664 58 0 0 0 0 40 -52
665 0 26 0 0 0 34 -25
666 0 0 0 0 0 0 0
667 0 0 38 23 0 0 37
668 0 0 0 0 0 0 0
669 0 17 0 0 20 22 -17
670 29 0 0 0 0 0 -32
671 0 0 0 0 0 0 0
672 0 0 0 31 30 0 0
673 0 14 0 24 0 47 20
674 0 0 0 21 0 19 18
675 0 0 0 33 0 23 24
676 40 0 30 57 0 0 30
677 0 0 0 0 60 30 -30
678 0 0 0 0 60 40 -30
679 23 0 58 0 0 17 -70
680 0 0 0 0 0 0 0
681 0 0 0 0 0 0 0
682 0 0 0 27 0 20 19
683 0 0 60 0 0 30 -50
684 0 20 0 28 0 50 30
685 0 0 0 94 0 27 56
686 0 20 0 0 10 30 -27
687 0 0 0 0 0 0 0
688 0 0 0 24 0 16 30
689 29 0 100 0 0 0 -100
690 0 100 0 0 40 12 -100
691 0 30 0 20 60 20 -40
692 0 0 0 0 0 80 -60
693 0 0 100 0 0 55 -92
694 0 35 0 20 0 51 -60
695 0 0 0 0 0 0 0
696 0 0 65 0 70 0 -70
697 100 0 100 0 0 0 -100
698 0 16 0 0 0 95 -45
699 0 0 0 0 0 45 18
700 0 0 0 0 0 0 0
701 60 45 98 0 50 0 -100
702 0 0 0 46 0 25 30
703 0 14 0 30 0 40 20
704 0 0 0 80 0 0 80
705 0 0 100 0 0 0 -100
706 0 0 100 0 0 0 -100
707 0 0 0 0 0 40 0
708 100 0 54 0 0 0 -70
709 0 0 100 0 100 0 -100
710 0 0 0 0 0 0 0
711 0 0 0 24 20 0 12
712 0 0 100 0 100 0 -100
713 0 0 0 0 100 0 -100
714 0 0 0 27 0 0 29
715 0 0 0 32 0 12 30
716 100 0 0 0 0 0 -98
717 0 0 0 0 0 0 0
718 0 0 61 0 100 0 -60
719 100 0 0 0 42 0 -96
720 0 0 52 80 53 0 41
721 0 0 0 31 0 20 30
722 0 0 0 0 30 14 20
723 17 60 0 0 0 0 -61
724 23 100 17 0 0 0 -100
725 0 0 0 43 0 21 30
726 0 0 0 0 77 28 -83
727 0 0 95 0 0 51 -72
728 0 0 0 63 0 0 34
729 0 0 0 70 0 0 46
730 14 0 0 50 0 0 16
731 0 0 0 0 0 0 0
732 26 24 20 0 9 0 -89
733 15 0 14 20 39 0 -80
734 17 10 100 0 31 0 -100
735 0 0 0 0 0 0 0
736 0 0 0 0 23 10 -30
737 0 0 0 100 0 29 94
738 48 40 20 0 5 0 -100
739 0 0 0 23 0 7 30
740 0 0 18 0 0 85 -63
741 0 0 0 0 0 0 0
742 0 0 83 0 73 0 -94
743 0 0 0 0 0 0 0
744 0 0 74 0 53 0 -38
745 0 0 0 0 0 15 11
746 0 0 0 36 0 20 38
747 0 0 0 0 0 0 0
748 0 0 0 0 18 0 -10
749 0 0 0 0 0 0 0
750 0 0 0 0 0 0 0
751 0 0 0 0 0 0 0
752 0 38 0 0 0 0 -35
753 20 20 57 72 36 0 -96
754 0 0 100 0 100 0 -100
755 0 0 100 0 0 0 -100
756 0 0 0 0 0 0 0
757 0 44 0 0 0 40 -44
758 0 0 40 0 43 0 -53
759 0 0 0 43 0 53 57
760 0 0 0 95 0 0 80
761 51 0 34 0 27 0 -73
762 0 0 0 30 0 21 8
763 0 0 10 0 0 36 -19
764 0 0 0 36 0 0 35
765 0 0 0 41 0 0 26
766 0 0 100 0 100 0 -100
767 0 65 17 0 0 20 -89
768 0 0 0 52 0 0 35
769 0 0 0 0 0 0 0
770 0 0 54 0 0 39 -44
771 0 0 62 0 0 40 -30
772 0 0 0 16 0 34 27
773 0 0 0 0 95 0 -96
774 0 0 0 0 95 32 -86
775 0 0 0 0 0 0 0
776 0 0 0 0 0 0 0
777 0 0 0 0 91 0 -80
778 0 0 34 0 84 19 -91
779 0 0 57 0 0 30 -61
780 0 0 0 0 0 0 0
781 0 0 0 0 80 0 -88
782 0 17 48 0 0 0 -71
783 0 0 0 35 0 19 29
784 0 0 0 0 0 0 0
785 0 0 27 0 0 0 -20
786 0 18 42 0 20 0 -30
787 0 0 0 0 0 0 0
788 0 0 0 0 0 0 0
789 0 17 31 0 20 0 -53
790 0 0 100 0 0 0 -60
791 0 0 63 0 50 36 -54
792 0 0 48 0 0 0 -54
793 0 0 0 0 75 0 12
794 0 8 15 29 0 23 25
795 0 0 0 0 0 0 0
796 0 0 0 0 0 0 0
797 0 0 0 0 0 0 0
798 0 24 0 0 33 0 -49
799 0 0 0 0 27 40 -31
800 0 0 65 74 0 40 45
801 0 0 0 0 0 0 0
802 0 0 34 0 0 8 -48
803 0 0 40 0 44 0 -72
804 72 0 0 0 0 63 -65
805 0 0 0 0 57 0 -61
806 0 0 61 0 70 46 -19
807 0 13 0 30 0 37 29
808 0 33 0 58 0 0 48
809 0 0 0 0 48 0 -79
810 0 0 0 40 13 0 42
811 0 0 35 0 68 0 -73
812 0 0 0 0 83 0 -91
813 75 0 34 0 9 0 -93
814 0 0 0 0 0 0 0
815 30 30 0 0 0 18 -44
816 0 0 84 0 80 0 -87
817 0 0 0 0 92 0 -82
818 0 0 0 0 63 0 -83
819 80 76 0 0 12 0 -66
820 0 0 0 0 0 0 0
821 0 0 0 0 0 0 0
822 42 0 0 0 0 0 -59
823 43 40 0 0 0 0 -67
824 0 0 0 0 0 0 0
825 0 0 0 77 0 0 72
826 0 12 0 26 0 42 45
827 0 0 0 0 0 0 0
828 0 0 98 0 0 0 -100
829 0 0 0 40 32 0 36
830 0 0 0 0 91 43 -75
831 0 0 0 89 0 17 91
832 0 0 0 0 0 0 0
833 0 0 0 0 0 36 -19
834 0 47 0 0 28 0 -21
835 0 0 0 82 0 0 77
836 0 0 0 0 38 0 -36
837 0 0 0 0 0 23 19
838 0 0 0 0 0 0 0
839 0 0 0 0 0 24 -44
840 56 0 0 0 32 0 -56
841 0 0 0 0 47 46 -60
842 0 0 0 0 0 0 0
843 0 41 27 0 0 32 -66
844 0 3 13 0 7 0 -24
845 15 16 0 0 0 0 -38
846 0 0 26 0 9 24 -48
847 0 16 0 30 0 42 40
848 0 0 0 0 0 0 0
849 0 0 0 0 0 0 0
850 8 0 39 0 6 0 -67
851 12 0 54 0 20 16 -91
852 0 0 11 39 0 0 49
853 0 0 0 47 0 40 45
854 0 0 0 0 0 14 23
855 0 0 0 0 0 0 0
856 0 0 0 0 0 0 0
857 64 20 12 0 7 20 -86
858 0 0 0 45 0 42 44
859 0 0 0 46 0 0 62
860 0 0 0 42 0 40 30
861 0 25 0 0 18 16 -57
862 0 0 23 0 16 0 -50
863 0 0 0 0 0 0 0
864 0 0 40 49 0 0 31
865 0 0 66 0 0 56 -69
866 0 0 25 43 0 0 33
867 0 0 100 0 10 14 -26
868 29 30 0 0 0 42 -70
869 0 0 47 60 29 0 20
870 0 0 0 0 83 0 -70
871 0 14 0 0 40 0 -52
872 0 0 0 0 0 0 0
873 0 0 0 0 0 0 0
874 0 0 0 0 0 0 0
875 0 0 0 0 0 0 0
876 0 0 6 0 26 0 -29
877 0 0 25 40 0 0 39
878 0 0 30 30 0 0 27
879 0 0 0 0 0 0 0
880 0 0 69 0 53 0 -83
881 0 10 42 0 28 25 -67
882 0 0 17 0 100 0 -100
883 0 0 0 100 0 0 100
884 0 0 0 0 0 0 0
885 0 0 25 0 0 10 -54
886 0 16 0 0 73 22 -78
887 0 0 30 0 94 0 -82
888 40 0 0 0 0 29 -65
889 0 11 23 0 40 25 -89
890 0 0 0 74 0 20 66
891 83 0 0 0 0 0 -69
892 0 0 0 55 0 0 60
893 0 0 0 0 0 0 0
894 0 0 0 0 0 0 0
895 0 0 40 0 0 0 -40
896 0 0 0 0 0 14 0
897 60 11 13 0 20 0 -95
898 45 0 62 0 44 0 -40
899 0 0 0 0 0 0 0
900 0 0 0 0 31 20 -45
901 0 0 0 0 0 0 0
902 0 0 0 0 28 0 -45
903 56 15 17 0 6 0 -87
904 0 0 0 0 0 0 0
905 10 0 0 0 0 10 -31
906 0 0 0 0 0 0 0
907 24 0 19 0 0 0 -44
908 0 40 57 0 40 0 -67
909 0 15 0 26 0 38 0
910 0 0 0 0 0 0 0
911 0 0 62 69 14 0 -2
912 59 0 0 0 0 16 -73
913 0 0 0 0 0 0 0
914 0 6 0 0 0 0 -20
915 0 0 0 0 0 0 0
916 0 0 0 0 0 0 0
917 0 0 0 0 29 30 -38
918 0 0 0 0 0 0 0
919 0 0 0 0 0 0 0
920 0 0 90 0 93 0 -91
921 0 0 91 0 100 0 -100
922 0 0 0 41 0 0 33
923 0 0 0 20 0 0 22
924 0 0 0 0 0 0 0
925 0 0 35 0 27 0 -69
926 0 0 0 24 0 20 30
927 0 12 0 21 0 30 0
928 0 0 0 0 0 0 0
929 0 0 3 0 4 2 -20
930 0 0 11 20 0 30 28
931 0 0 0 0 0 0 0
932 0 0 14 64 19 34 67
933 0 0 9 22 0 0 29
934 0 0 0 33 0 0 32
935 0 0 88 0 0 0 -68
936 0 0 0 0 0 0 0
937 0 0 0 0 0 0 0
938 0 0 0 18 0 0 21
939 0 0 64 0 0 0 -61
940 0 27 68 0 0 21 -83
941 0 0 0 0 0 0 0
942 0 0 0 0 84 0 -80
943 0 0 0 0 0 0 0
944 0 0 0 0 89 71 -87
945 0 0 0 0 21 19 -40
946 0 0 0 0 0 0 0
947 0 0 0 0 0 0 0
948 0 0 0 98 0 0 90
949 0 42 44 0 15 0 -89
950 0 0 0 19 0 14 20
951 0 7 0 14 0 27 30
952 0 0 0 0 0 0 0
953 0 0 0 0 0 24 25
954 0 0 0 0 0 0 0
955 0 0 0 0 0 29 43
956 0 0 0 0 0 0 0
957 0 0 0 0 30 0 -53
958 56 0 26 0 0 0 -78
959 0 0 0 20 57 0 15
960 0 0 0 30 0 0 30
961 0 0 0 10 0 0 20
962 0 0 0 0 0 0 0
963 0 0 0 0 0 0 0
964 0 0 49 0 16 30 -52
965 72 0 27 0 0 0 -44
966 0 0 0 0 21 27 -48
967 0 0 0 30 0 0 61
968 22 10 34 0 0 0 14
969 0 0 0 0 0 0 0
970 0 0 84 0 0 0 -81
971 0 0 0 0 0 0 0
972 0 7 0 20 0 29 49
973 0 0 87 0 70 0 -82
974 0 0 0 0 0 0 0
975 0 0 94 0 70 0 -70
976 0 0 0 0 0 0 0
977 0 0 0 0 0 0 0
978 0 0 0 0 0 0 0
979 0 0 0 0 0 0 0
980 0 0 0 0 0 0 0
981 0 0 0 0 0 30 31
982 0 0 0 0 0 0 0
983 0 0 92 0 48 0 -86
984 0 0 0 0 31 0 -47
985 0 0 0 0 0 0 0
986 0 0 0 0 0 0 0
987 0 0 0 0 0 0 0
988 0 0 0 0 0 0 0
989 0 20 0 0 0 0 -51
990 17 0 3 0 0 42 -21
991 0 0 31 0 0 0 -45
992 6 7 0 0 0 0 -41
993 0 10 0 21 0 35 0
994 0 0 88 0 43 0 -75
995 0 0 0 0 0 77 -6
996 0 0 0 0 0 0 0
997 0 0 0 0 0 0 0
998 27 0 0 0 0 0 -44
999 0 0 0 33 0 20 25
1000 0 0 94 0 0 0 -90
1001 0 0 0 0 0 0 0
1002 29 0 34 66 0 0 19
1003 24 0 0 36 0 0 26
1004 0 0 0 0 0 41 -7
1005 44 0 96 0 12 0 -86
1006 17 10 95 0 6 11 -96
1007 8 4 94 0 5 0 -92
1008 0 0 0 0 0 0 0
1009 17 0 98 0 88 23 -95
1010 10 0 96 0 22 20 -92
1011 61 0 57 0 0 0 -81
1012 16 0 90 0 36 0 -89
1013 0 0 28 56 0 0 24
1014 16 0 53 0 0 13 -72
1015 0 0 10 64 0 0 49
1016 0 0 0 76 0 0 70
1017 63 0 0 0 0 29 -66
1018 67 0 67 0 62 66 -100
1019 0 0 76 47 83 0 -52
1020 0 0 0 0 0 0 0
1021 0 0 0 0 7 25 -2
1022 0 0 0 0 0 0 0
1023 0 0 0 76 0 0 92
1024 0 0 0 19 0 13 10
1025 0 0 0 90 16 0 90
1026 0 0 0 0 3 23 -15
1027 0 0 0 0 0 98 75
1028 0 0 0 0 0 98 32
1029 30 0 0 0 26 21 -55
1030 0 0 0 35 27 0 0
1031 0 0 0 0 88 0 -68
1032 78 0 0 0 0 22 -70
1033 0 0 55 65 64 0 13
1034 14 0 90 0 10 68 -70
1035 80 0 32 0 0 0 -82
1036 0 0 0 0 0 0 0
1037 0 0 0 0 0 0 0
1038 84 0 76 0 68 55 -85
1039 100 0 0 0 100 0 -100
1040 35 0 50 0 67 45 -88
1041 0 0 0 0 0 0 -51
1042 0 0 0 0 86 51 -60
1043 20 0 27 0 92 75 -87
1044 0 89 0 0 50 47 -87
1045 0 0 0 0 90 30 -97
1046 0 0 0 79 72 0 36
1047 0 9 0 0 10 43 3
1048 0 0 65 0 51 0 -80
1049 0 0 0 0 87 60 -73
1050 61 0 40 0 0 0 -81
1051 86 0 0 0 0 0 -93
1052 0 0 0 73 0 61 86
1053 0 0 0 49 0 0 35
1054 0 0 0 64 0 26 38
1055 0 0 12 0 14 0 -25
1056 8 0 20 0 10 90 -50
1057 16 9 76 0 7 31 -85
1058 0 0 29 66 0 35 26
1059 0 0 54 0 0 40 -75
1060 0 0 10 14 0 19 10
1061 0 0 56 83 9 0 56
1062 0 0 88 0 96 30 -93
1063 31 0 0 0 59 33 -61
1064 0 32 0 0 0 0 -56
1065 35 21 0 0 29 0 -49
1066 67 0 47 0 0 0 -82
1067 0 0 0 0 0 0 0
1068 0 0 0 0 0 5 20
1069 0 0 56 0 100 0 -99
1070 0 0 0 0 100 12 -98
1071 0 0 0 63 0 0 30
1072 0 0 19 34 0 0 28
1073 0 0 0 48 0 0 50
1074 0 0 0 0 43 0 -41
1075 51 0 0 0 0 0 -66
1076 50 0 35 0 26 0 -100
1077 0 0 14 26 12 0 28
1078 100 0 87 0 0 0 -96
1079 0 0 0 0 0 56 -9
1080 0 0 0 0 0 0 0
1081 0 0 0 76 21 0 62
1082 0 0 58 20 0 11 -64
1083 0 0 0 0 0 0 0
1084 0 0 36 37 59 0 5
1085 0 0 5 40 0 0 31
1086 0 0 13 0 18 17 -33
1087 0 0 0 0 0 50 -20
1088 0 0 30 0 9 68 -50
1089 0 0 0 0 0 51 -68
1090 0 0 29 0 46 0 -58
1091 0 0 0 42 33 0 30
1092 0 0 35 23 30 34 15
1093 0 0 92 0 26 0 -87
1094 0 0 100 0 17 40 -100
1095 0 0 31 0 100 40 -100
1096 0 0 22 0 67 48 -82
1097 26 0 82 0 16 9 -67
1098 0 0 0 0 0 0 0
1099 57 0 0 0 15 9 -56
1100 80 27 0 0 32 0 -92
1101 0 0 70 0 55 18 -86
1102 0 0 60 68 17 0 22
1103 0 0 27 80 16 28 36
1104 0 0 0 100 0 0 100
1105 0 0 0 26 0 30 45
1106 0 0 0 92 0 10 65
1107 0 0 0 0 0 0 0
1108 0 0 0 0 0 42 9
1109 0 0 0 92 9 70 80
1110 10 0 0 0 0 15 -17
1111 0 0 0 0 0 0 0
1112 0 0 60 0 68 0 -73
1113 0 0 0 69 14 0 66
1114 0 0 0 0 28 0 -55
1115 0 0 0 0 70 50 -57
1116 0 0 87 0 21 0 -80
1117 0 0 0 84 0 38 77
1118 0 0 0 88 0 38 89
1119 0 0 0 91 0 51 80
1120 31 0 0 0 26 0 -56
1121 0 0 0 92 12 60 50
1122 0 0 0 0 60 43 -75
1123 100 0 86 0 0 0 -94
1124 40 0 0 0 76 0 -70
1125 36 0 5 0 0 0 -25
1126 0 0 0 0 0 0 0
1127 0 0 0 0 0 0 0
1128 0 0 0 91 0 22 60
1129 80 50 0 0 13 0 56
1130 24 9 0 0 40 0 28
1131 0 0 0 53 0 70 49
1132 0 0 0 70 0 30 66
1133 0 0 0 70 0 62 67
1134 0 0 0 0 85 46 -84
1135 0 0 0 71 16 0 62
1136 69 0 0 0 63 56 -59
1137 0 0 0 56 0 50 29
1138 0 0 0 0 74 0 -74
1139 0 0 0 72 0 68 56
1140 0 0 0 0 0 0 0
1141 21 0 0 0 0 100 -87
1142 0 0 0 0 0 0 0
1143 0 0 0 0 91 32 -84
1144 0 0 0 0 30 59 32
1145 0 0 0 68 0 0 75
1146 0 0 0 0 0 0 0
1147 0 0 0 69 0 53 30
1148 0 0 0 0 16 9 -36
1149 0 0 0 0 0 0 0
1150 0 0 0 0 79 0 -30
1151 0 0 0 94 0 29 84
1152 0 0 0 27 0 0 47
1153 0 0 0 40 0 87 80
1154 0 0 0 95 0 78 89
1155 0 0 0 83 0 70 62
1156 0 0 0 0 77 58 -71
1157 0 0 62 36 0 55 20
1158 0 0 0 0 0 0 0
1159 44 0 0 0 85 0 -85
1160 0 0 0 0 79 0 -66
1161 0 0 30 0 85 0 -84
1162 0 0 0 0 0 0 0
1163 0 0 0 64 30 32 29
1164 0 0 0 52 0 79 71
1165 25 0 0 0 60 30 -56
1166 0 0 0 90 0 100 95
1167 0 0 0 0 0 90 -25
1168 60 25 0 0 0 0 -80
1169 0 0 0 0 25 70 -23
1170 0 0 0 75 0 0 70
1171 0 0 0 60 0 0 60
1172 0 0 0 73 0 20 75
1173 0 0 45 0 95 39 -84
1174 0 0 0 0 30 40 29
1175 0 0 50 0 62 42 -10
1176 0 0 0 57 0 65 60
1177 0 0 0 0 0 0 0
1178 18 23 30 0 30 0 -47
1179 0 0 50 60 0 0 60
1180 0 0 0 69 84 23 68
1181 0 0 0 65 0 55 30
1182 0 0 87 0 68 48 -60
1183 70 17 44 0 44 35 -87
1184 15 0 10 63 0 36 57
1185 76 73 0 0 0 0 -82
1186 0 0 0 23 0 0 30
1187 88 81 0 0 41 0 35
1188 0 0 0 55 0 75 65
1189 0 0 0 0 0 0 0
1190 0 0 0 0 0 40 35
1191 80 0 55 0 40 0 -60
1192 0 0 0 0 0 60 35
1193 15 25 0 0 0 25 -30
1194 0 0 0 80 0 0 77
1195 0 0 0 0 0 0 0
1196 0 0 0 0 0 41 49
1197 0 0 0 45 0 15 26
1198 21 0 0 0 40 0 -40
1199 0 0 0 0 65 35 -25
1200 0 0 0 75 0 23 48
1201 0 0 0 27 0 0 12
1202 0 0 0 20 17 0 21
1203 0 0 30 53 0 40 46
1204 0 0 41 0 75 0 -71
1205 0 0 0 63 0 53 65
1206 0 0 0 77 0 45 100
1207 0 0 26 0 60 46 -70
1208 0 0 0 85 0 0 70
1209 0 0 15 20 0 0 -20
1210 0 0 0 60 0 35 56
1211 0 0 0 0 41 78 -32
1212 79 37 0 0 0 45 -50
1213 0 0 0 72 0 39 49
1214 0 0 10 23 0 15 16
1215 0 0 0 77 0 51 53
1216 0 0 45 0 59 24 -66
1217 0 34 0 0 0 100 -53
1218 0 0 0 0 0 79 25
1219 0 0 0 80 19 18 59
1220 0 0 0 0 60 40 -74
1221 0 0 0 87 0 45 58
1222 74 35 37 0 63 0 19
1223 0 0 0 62 42 41 36
1224 0 0 0 71 0 25 40
1225 0 0 0 77 0 59 76
1226 0 0 0 77 0 50 84
1227 0 0 0 18 0 26 29
1228 34 26 12 0 43 47 -58
1229 0 10 24 0 11 53 -51
1230 0 0 0 0 0 0 0
1231 0 0 0 0 0 41 14
1232 0 0 0 70 0 30 48
1233 0 0 0 80 0 64 70
1234 49 0 57 0 0 0 44
1235 14 0 36 0 89 81 -77
1236 0 0 0 87 0 79 100
1237 0 0 0 54 0 0 20
1238 0 0 0 58 0 45 69
1239 0 0 0 80 0 70 80
1240 20 0 0 0 16 40 -54
1241 13 8 37 0 55 0 -59
1242 0 0 0 0 0 55 -40
1243 36 29 25 0 4 0 -65
1244 0 0 0 0 8 45 -10
1245 0 0 0 0 12 75 -44
1246 0 0 33 76 0 59 33
1247 0 0 0 87 0 63 71
1248 0 0 15 0 0 0 15
1249 0 0 0 0 0 51 -12
1250 0 0 100 0 100 43 -100
1251 0 0 0 94 0 44 100
1252 15 0 0 60 0 45 42
1253 15 19 0 24 55 64 20
1254 0 0 0 100 0 0 100
1255 0 0 10 12 0 0 10
1256 64 33 21 0 0 24 -43
1257 0 0 27 50 20 0 10
1258 0 0 100 0 100 50 -100
1259 0 0 0 62 0 0 52
1260 25 9 0 0 0 0 -30
1261 35 16 14 0 86 42 -79
1262 10 0 10 0 0 20 0
1263 0 25 0 0 0 0 -23
1264 0 0 0 0 0 0 0
1265 0 0 0 77 0 30 36
1266 0 0 19 0 19 30 -35
1267 0 0 0 100 0 20 100
1268 0 0 0 15 0 50 10
1269 0 0 0 60 0 0 40
1270 0 0 0 70 0 70 80
1271 0 0 0 55 0 93 86
1272 0 0 20 84 0 98 90
1273 0 0 0 14 0 60 60
1274 0 0 0 71 0 87 86
1275 0 0 54 0 48 80 -84
1276 0 0 0 52 0 84 84
1277 0 0 0 60 0 25 78
1278 5 4 14 0 38 60 -60
1279 0 0 0 88 0 55 74
1280 17 0 0 0 58 54 -77
1281 0 1 47 0 34 45 -61
1282 8 0 43 52 42 0 14
1283 42 20 0 0 0 0 -61
1284 0 0 0 85 0 61 47
1285 0 0 0 23 0 13 14
1286 0 0 0 10 60 0 -46
1287 0 0 0 0 0 0 0
1288 0 0 24 62 0 80 73
1289 0 0 0 50 0 0 29
1290 0 0 0 19 70 50 -24
1291 0 0 0 58 0 0 30
1292 42 33 22 0 0 0 -45
1293 0 0 0 0 0 0 0
1294 0 0 0 23 17 18 -10
1295 0 0 0 0 0 0 0
1296 26 0 23 0 17 17 -34
1297 0 0 0 50 0 30 26
1298 0 0 0 71 33 39 48
1299 0 0 0 66 0 59 38
1300 21 32 0 0 0 78 0
1301 0 0 0 43 42 24 8
1302 0 0 0 40 24 17 17
1303 0 0 0 0 15 0 -24
1304 0 0 4 0 3 18 -21
1305 20 0 100 0 100 21 -100
1306 17 35 0 0 7 30 -41
1307 0 0 0 0 0 39 45
1308 0 0 0 0 0 73 35
1309 0 0 32 0 29 55 -61
1310 60 0 0 0 0 43 -56
1311 23 0 33 0 22 56 -45
1312 0 0 0 0 0 70 38
1313 0 0 0 76 8 70 28
1314 62 0 0 0 10 0 18
1315 0 16 0 0 36 0 -33
1316 0 0 0 0 100 0 -100
1317 0 0 81 0 0 100 -67
1318 0 0 0 44 0 40 18
1319 0 0 0 0 59 0 -30
1320 0 0 0 0 0 0 0
1321 0 0 0 0 28 64 -21
1322 7 0 0 91 0 34 54
1323 0 0 0 0 45 51 -26
1324 0 0 0 0 0 75 10
1325 0 0 0 50 0 52 14
1326 0 0 0 73 0 77 60
1327 0 0 0 71 0 65 43
1328 29 21 47 57 16 35 27
1329 22 0 10 0 13 0 -24
1330 0 0 0 0 0 84 65
1331 25 13 40 0 46 42 -69
1332 4 0 0 0 0 6 34
1333 0 30 0 0 22 12 -51
1334 0 0 14 0 20 19 -31
1335 0 0 0 41 0 0 59
1336 0 0 0 82 0 83 71
1337 0 0 0 42 0 0 40
1338 0 30 0 0 11 48 -44
1339 0 0 0 64 0 80 71
1340 0 0 0 0 57 69 -74
1341 0 39 10 0 18 65 -65
1342 0 0 0 0 0 70 20
1343 0 0 70 0 47 63 -62
1344 19 0 46 0 12 0 -42
1345 0 0 0 0 0 0 0
1346 0 0 100 0 100 32 -100
1347 0 0 0 0 18 60 -34
1348 0 0 0 27 0 18 21
1349 0 0 0 83 0 15 69
1350 0 0 0 0 0 7 0
1351 0 0 0 89 0 87 85
1352 0 0 63 69 0 70 20
1353 0 0 0 43 0 63 36
1354 0 21 0 0 7 36 -31
1355 0 0 0 56 0 0 18
1356 0 0 0 10 0 30 14
1357 0 12 0 18 0 16 16
1358 25 16 33 0 29 42 -41
1359 0 0 0 88 0 87 94
1360 0 22 14 0 8 40 -30
1361 0 0 0 36 0 29 20
1362 0 22 0 0 12 19 -23
1363 0 5 83 0 84 84 -81
1364 0 0 0 33 34 36 23
1365 0 0 0 0 0 0 0
1366 0 30 16 0 23 0 -56
1367 9 6 10 40 7 37 11
1368 0 0 5 34 0 39 19
1369 0 0 0 63 0 69 78
1370 0 0 13 72 0 83 67
1371 0 0 0 0 100 49 -80
1372 0 0 0 0 0 0 0
1373 35 0 89 0 89 41 -99
1374 15 0 82 0 59 65 -95
1375 0 0 0 90 0 100 100
1376 0 21 13 0 37 60 -30
1377 0 0 0 53 0 39 62
1378 25 0 83 0 82 80 -71
1379 0 48 0 0 53 86 -83
1380 25 13 0 0 0 45 0
1381 100 15 100 0 0 30 -100
1382 16 10 24 0 23 0 -39
1383 0 0 0 54 0 0 58
1384 0 0 0 36 0 28 58
1385 0 0 0 0 0 0 0
1386 52 0 0 60 0 0 12
1387 0 0 0 35 0 40 19
1388 0 0 79 0 83 46 -81
1389 49 0 0 0 7 23 -84
1390 0 0 0 84 0 82 97
1391 38 28 0 0 0 0 -40
1392 0 0 0 90 0 91 85
1393 0 0 0 0 0 0 0
1394 11 10 10 0 10 0 -15
1395 6 7 0 0 7 41 -45
1396 16 15 0 0 15 58 -30
1397 0 0 0 0 0 0 0
1398 0 30 24 42 0 0 13
1399 19 29 42 46 0 0 18
1400 0 0 0 0 0 0 0
1401 0 0 0 0 70 0 -29
1402 0 0 0 30 25 0 11
1403 0 0 0 0 70 50 -34
1404 0 0 0 0 0 20 0
1405 18 0 0 0 0 35 -57
1406 0 0 0 77 0 85 73
1407 0 0 0 29 0 10 28
1408 0 0 0 30 0 45 26
1409 7 0 0 0 0 19 24
1410 0 0 0 0 0 0 0
1411 0 0 0 0 0 0 0
1412 0 0 0 20 0 12 27
1413 0 0 0 0 0 0 0
1414 27 0 89 0 96 20 -100
1415 0 0 28 0 71 66 -57
1416 0 0 75 0 85 73 -83
1417 0 17 0 0 0 0 0
1418 0 0 0 0 0 0 0
1419 0 0 0 0 0 39 0
1420 0 0 0 33 0 58 30
1421 16 15 0 0 0 60 -20
1422 0 0 0 0 0 0 0
1423 0 0 0 15 0 0 8
1424 0 0 9 23 10 19 10
1425 0 0 0 0 0 18 -10
1426 0 0 0 0 0 0 0
1427 38 26 38 0 46 26 -69
1428 0 0 0 36 0 0 30
1429 0 0 0 0 0 44 0
1430 0 0 0 0 0 0 0
1431 0 22 0 0 35 31 -30
1432 0 0 0 0 0 0 0
1433 0 0 33 44 9 25 15
1434 0 0 0 0 0 50 -38
1435 0 0 0 34 0 66 17
1436 0 0 9 0 0 61 -38
1437 0 0 0 0 0 0 0
1438 63 0 0 0 0 20 -69
1439 0 0 4 0 12 50 -40
1440 28 0 0 39 11 47 8
1441 0 30 0 0 54 49 -30
1442 0 0 18 65 0 44 26
1443 0 0 0 0 0 0 0
1444 0 0 0 0 0 0 0
1445 0 0 0 43 0 60 26
1446 0 0 0 0 0 74 -24
1447 0 0 0 30 0 25 34
1448 0 0 0 26 19 32 10
1449 0 0 0 0 43 0 -49
1450 0 0 41 0 50 40 -68
1451 0 0 0 0 0 0 0
1452 0 0 0 0 0 0 0
1453 0 0 41 0 52 0 -66
1454 0 0 10 69 0 54 43
1455 0 33 0 0 0 41 -40
1456 0 0 0 0 0 46 12
1457 0 0 0 51 0 30 33
1458 0 0 0 23 0 17 25
1459 27 30 0 0 58 60 -100
1460 36 34 0 0 0 54 -50
1461 0 0 0 34 0 31 46
1462 0 0 0 0 0 23 0
1463 0 0 0 0 0 31 24
1464 0 0 0 0 20 29 -37
1465 0 0 6 73 4 83 66
1466 0 0 0 0 17 19 -21
1467 0 0 0 0 0 0 0
1468 0 0 22 12 21 20 -21
1469 0 0 39 48 0 0 18
1470 0 0 25 0 0 33 -27
1471 0 0 0 18 0 8 10
1472 0 0 0 0 0 0 0
1473 0 0 0 13 0 0 19
1474 0 0 0 32 0 0 30
1475 0 0 0 14 0 0 23
1476 0 0 0 0 43 0 -45
1477 0 0 0 0 0 0 0
1478 0 0 0 0 57 0 -28
1479 0 12 0 0 0 42 -30
1480 0 0 0 0 0 25 0
1481 32 0 0 0 0 33 -27
1482 0 74 45 0 0 0 -100
1483 0 0 0 0 0 0 0
1484 0 0 0 0 0 82 0
1485 0 0 0 0 23 0 -10
1486 0 0 0 0 63 48 -61
1487 0 0 0 17 0 0 17
1488 12 0 0 30 0 0 20
1489 0 0 0 0 0 0 0
1490 0 0 0 10 0 15 18
1491 0 0 0 0 73 0 -21
1492 0 0 7 24 8 0 32
1493 0 0 0 0 0 0 0
1494 0 0 0 0 0 68 24
1495 0 6 0 0 18 0 -32
1496 0 0 0 0 75 79 -66
1497 0 0 0 0 0 81 52
1498 0 0 0 0 0 63 32
1499 0 0 0 0 0 0 0
